7 0.154785 0.208301 0.30957 0.126953
0 0.401807 0.260693 0.178613 0.0649414
0 0.372217 0.237646 0.162988 0.0600586
0 0.34292 0.206982 0.0416992 0.0170898
5 0.977881 0.211084 0.0436523 0.0842773
5 0.936523 0.462793 0.126367 0.0947266
7 0.825098 0.324268 0.0806641 0.0969727
7 0.693848 0.23418 0.43125 0.159766
7 0.883643 0.321924 0.130957 0.129004
7 0.860937 0.46416 0.159766 0.161914
7 0.719092 0.404492 0.204004 0.345703
7 0.962988 0.051709 0.0734375 0.103418
7 0.523633 0.116699 0.938867 0.233398
1 0.127686 0.0836426 0.122363 0.0374023
1 0.261621 0.115771 0.169336 0.0942383
7 0.163037 0.336328 0.326074 0.420117
1 0.354639 0.493262 0.590918 0.456836
1 0.367529 0.426855 0.530762 0.30957
0 0.130273 0.619629 0.0681641 0.0433594
1 0.652881 0.769629 0.337598 0.313477
5 0.929248 0.129639 0.0508789 0.0692383
0 0.523828 0.441553 0.126953 0.0583008
