6 0.165869 0.115186 0.136621 0.115332
7 0.838477 0.286914 0.218555 0.246484
7 0.054248 0.0777344 0.108496 0.155469
6 0.14668 0.0395508 0.177539 0.0791016
7 0.781104 0.147949 0.333301 0.247266
1 0.0509277 0.217139 0.101855 0.122754
1 0.146973 0.633057 0.293945 0.341504
1 0.12085 0.379053 0.241699 0.236816
7 0.478516 0.461914 0.81543 0.705078
1 0.505908 0.186523 0.0641602 0.0347656
3 0.400342 0.51084 0.165723 0.127734
5 0.584033 0.276563 0.221582 0.268359
5 0.693945 0.610742 0.269531 0.168945
5 0.28501 0.402246 0.304199 0.111133
5 0.609473 0.428662 0.32207 0.202637
5 0.716064 0.520801 0.238379 0.162695
