6 0.768359 0.448437 0.0472656 0.118555
0 0.773975 0.482812 0.022168 0.0449219
7 0.636914 0.268262 0.623633 0.251758
3 0.456055 0.200635 0.0496094 0.0362305
3 0.120508 0.266553 0.0539063 0.0208008
7 0.189453 0.524902 0.0701172 0.130664
7 0.463818 0.754785 0.635254 0.224414
7 0.762939 0.731543 0.0608398 0.0275391
5 0.803516 0.640283 0.135547 0.202637
0 0.822412 0.639941 0.0436523 0.0283203
0 0.839307 0.613672 0.0416992 0.0240234
0 0.879297 0.618506 0.0667969 0.0768555
7 0.53501 0.680371 0.665332 0.366602
7 0.498682 0.512012 0.765918 0.592969
