5 0.162402 0.264893 0.0390625 0.0481445
7 0.284912 0.223926 0.236426 0.137891
7 0.47749 0.277686 0.265918 0.18877
7 0.26377 0.35166 0.303906 0.197461
1 0.438965 0.227881 0.0505859 0.0381836
7 0.523096 0.191602 0.18252 0.0900391
5 0.365771 0.294482 0.0661133 0.0354492
5 0.419141 0.211572 0.0611328 0.0719727
7 0.268994 0.45 0.266895 0.247266
7 0.227539 0.522363 0.282422 0.18457
7 0.568604 0.49707 0.383301 0.410742
7 0.686816 0.735693 0.402148 0.430762
7 0.568311 0.215039 0.0922852 0.0441406
5 0.281396 0.280225 0.0450195 0.0336914
