5 0.766406 0.430371 0.0283203 0.0367188
2 0.911963 0.776172 0.0391602 0.0390625
7 0.758203 0.476514 0.0699219 0.0708008
0 0.753076 0.477979 0.0399414 0.0188477
7 0.818701 0.611621 0.260449 0.264844
6 0.63042 0.463818 0.126465 0.12666
5 0.0609375 0.645654 0.0578125 0.0618164
7 0.375146 0.36543 0.102441 0.172656
7 0.545117 0.366406 0.0957031 0.135547
1 0.369531 0.907227 0.0972656 0.0988281
7 0.464893 0.414844 0.145605 0.221875
7 0.489844 0.513574 0.183984 0.191797
7 0.121875 0.583301 0.10293 0.258594
7 0.535937 0.632812 0.102148 0.139258
7 0.218652 0.386523 0.213086 0.229492
7 0.206201 0.691113 0.0999023 0.130273
7 0.265283 0.547119 0.271582 0.270215
7 0.265234 0.717773 0.0865234 0.257617
7 0.427539 0.71543 0.246484 0.307227
7 0.585205 0.723535 0.227441 0.330664
7 0.800732 0.802246 0.273535 0.19043
0 0.40293 0.547607 0.0304687 0.0383789
