0 0.0626465 0.679541 0.0922852 0.0426758
1 0.221094 0.557275 0.168945 0.136426
1 0.443896 0.429785 0.128613 0.117578
1 0.766895 0.594922 0.354492 0.28418
1 0.441699 0.594873 0.305273 0.272559
1 0.440137 0.661328 0.289062 0.210547
1 0.287646 0.76333 0.32998 0.344043
1 0.265918 0.784912 0.126367 0.114551
5 0.239893 0.775586 0.100879 0.0882813
1 0.732178 0.559375 0.276465 0.135156
1 0.800488 0.589307 0.173633 0.0307617
1 0.678906 0.610107 0.034375 0.0719727
5 0.692139 0.548145 0.0833008 0.0763672
7 0.524658 0.0993164 0.296582 0.123242
1 0.38208 0.252979 0.368066 0.285254
1 0.730664 0.335596 0.465234 0.345215
6 0.71333 0.213672 0.353223 0.159961
6 0.735937 0.244141 0.377344 0.153516
0 0.200732 0.739453 0.0456055 0.0359375
