7 0.55293 0.783789 0.295898 0.410742
6 0.718018 0.65459 0.332324 0.423633
6 0.813086 0.650342 0.373242 0.409082
1 0.239746 0.406396 0.407031 0.236816
0 0.293506 0.469092 0.0989258 0.0756836
0 0.0621094 0.4625 0.0552734 0.0552734
1 0.230615 0.375195 0.380957 0.151172
1 0.137744 0.291162 0.0602539 0.046582
1 0.163818 0.235645 0.0225586 0.0367188
1 0.127588 0.176563 0.129199 0.0654297
1 0.286377 0.268994 0.239355 0.178223
1 0.255078 0.164648 0.264648 0.0820312
1 0.261914 0.128027 0.253516 0.102539
