7 0.935352 0.179785 0.128711 0.305273
1 0.381836 0.906055 0.101953 0.145508
1 0.273926 0.84873 0.186719 0.120703
7 0.31333 0.847217 0.120801 0.0608398
0 0.457666 0.915625 0.154004 0.167969
0 0.528662 0.872363 0.0206055 0.0304687
0 0.835352 0.513574 0.328906 0.714258
0 0.273047 0.626172 0.546094 0.466602
0 0.246484 0.762402 0.427539 0.170313
0 0.62666 0.851807 0.207617 0.295605
0 0.655371 0.672754 0.231445 0.0935547
0 0.529004 0.725684 0.185547 0.214648
0 0.373535 0.573877 0.296094 0.399121
0 0.350635 0.148291 0.170605 0.222559
0 0.576904 0.425098 0.640918 0.452734
0 0.589258 0.323437 0.40625 0.227539
