7 0.540967 0.324512 0.478809 0.328125
7 0.268359 0.463818 0.352148 0.267871
1 0.636377 0.569971 0.479199 0.30752
7 0.110791 0.650391 0.221582 0.510156
1 0.31792 0.713379 0.515527 0.374219
5 0.803369 0.479785 0.137207 0.0984375
1 0.722754 0.475684 0.255664 0.117578
1 0.565918 0.43877 0.177539 0.136914
5 0.659229 0.396631 0.128613 0.134473
1 0.58877 0.476514 0.199414 0.0786133
1 0.572119 0.497754 0.134277 0.0644531
1 0.602344 0.526904 0.144531 0.0702148
1 0.631934 0.545264 0.0886719 0.0364258
1 0.621045 0.563135 0.0608398 0.0354492
1 0.720117 0.535059 0.101562 0.0275391
1 0.67959 0.555908 0.0820312 0.0299805
1 0.661377 0.599121 0.0793945 0.0791016
1 0.730957 0.573682 0.194141 0.131934
1 0.659375 0.586914 0.433203 0.207617
7 0.576074 0.79668 0.189844 0.229687
5 0.371191 0.61123 0.0625 0.0414062
0 0.445166 0.658203 0.12041 0.0654297
0 0.262402 0.663818 0.0572266 0.0473633
0 0.373193 0.657715 0.212598 0.0615234
0 0.371582 0.672119 0.11543 0.047168
0 0.318604 0.749561 0.295996 0.147363
1 0.426709 0.671094 0.0889648 0.0550781
4 0.277832 0.709473 0.227539 0.0568359
