1 0.887988 0.469873 0.223438 0.240723
7 0.766113 0.598193 0.132422 0.154785
7 0.731494 0.452734 0.148535 0.202344
7 0.651123 0.580322 0.12373 0.209668
6 0.513135 0.680371 0.207324 0.173633
7 0.631445 0.42959 0.100195 0.150781
1 0.512305 0.561182 0.173828 0.216309
1 0.516455 0.402393 0.196191 0.263184
1 0.523682 0.337207 0.140137 0.0552734
1 0.515723 0.269336 0.129688 0.13125
1 0.282178 0.302246 0.337598 0.384961
0 0.411328 0.774854 0.214062 0.288379
7 0.0669434 0.839648 0.133887 0.320117
1 0.183789 0.717285 0.288672 0.44043
1 0.156641 0.470361 0.313281 0.243066
1 0.183496 0.423486 0.0892578 0.0459961
