7 0.179395 0.192041 0.358789 0.367285
7 0.499854 0.499854 0.999707 0.999707
7 0.86792 0.355176 0.068457 0.0476562
1 0.89751 0.427539 0.0741211 0.03125
1 0.823438 0.466406 0.159375 0.0865234
7 0.435156 0.762891 0.143555 0.0892578
2 0.8896 0.528174 0.187207 0.18623
7 0.233789 0.756201 0.32207 0.211816
5 0.731299 0.51875 0.190137 0.197656
5 0.872998 0.559424 0.140918 0.062207
1 0.713135 0.487207 0.171582 0.111328
7 0.819287 0.379395 0.171582 0.0449219
1 0.638525 0.211084 0.427246 0.312012
1 0.82207 0.416406 0.0958984 0.0203125
0 0.734814 0.423486 0.062207 0.0454102
0 0.432666 0.322705 0.0512695 0.0327148
1 0.47373 0.332324 0.139258 0.0660156
0 0.478076 0.349316 0.078418 0.0330078
5 0.603125 0.692139 0.44707 0.175879
0 0.200439 0.728418 0.050293 0.0724609
1 0.12583 0.679883 0.25166 0.391602
0 0.502344 0.546436 0.701758 0.447949
