7 0.500146 0.560059 0.0479492 0.0283203
7 0.337598 0.402148 0.0787109 0.111328
1 0.216943 0.603809 0.267871 0.0826172
1 0.305225 0.634668 0.0866211 0.0486328
0 0.673926 0.969336 0.0582031 0.0607422
2 0.937695 0.899463 0.0796875 0.0547852
0 0.950195 0.790234 0.0988281 0.348242
1 0.431885 0.931152 0.234082 0.137109
1 0.662207 0.632959 0.0433594 0.0456055
7 0.200732 0.744727 0.271777 0.300391
7 0.693945 0.29082 0.148438 0.0578125
7 0.403906 0.53418 0.198047 0.200391
7 0.379785 0.620898 0.0625 0.0513672
7 0.49502 0.778857 0.373633 0.441699
1 0.717285 0.457178 0.564844 0.348926
7 0.880811 0.768262 0.237793 0.189258
0 0.917285 0.964941 0.164648 0.0697266
7 0.972412 0.250928 0.0545898 0.0713867
7 0.151465 0.619922 0.0568359 0.0201172
0 0.84585 0.390967 0.30752 0.105371
