1 0.941943 0.771045 0.0756836 0.0198242
7 0.859814 0.76001 0.279785 0.0235352
1 0.791895 0.75498 0.139258 0.0128906
7 0.824756 0.689014 0.349902 0.147363
1 0.835938 0.745459 0.327344 0.0141602
1 0.83501 0.72915 0.329395 0.0362305
7 0.838916 0.65415 0.321387 0.14209
7 0.721045 0.618555 0.0426758 0.118555
7 0.756641 0.619189 0.05625 0.12627
0 0.712158 0.355518 0.0836914 0.0508789
7 0.872656 0.638867 0.251953 0.152734
0 0.793799 0.346191 0.090918 0.0570312
1 0.887256 0.622363 0.224902 0.179297
1 0.939844 0.577002 0.119727 0.261621
1 0.936523 0.443213 0.12168 0.187012
0 0.647656 0.37373 0.0558594 0.0818359
3 0.692285 0.493701 0.101562 0.230371
5 0.746191 0.133301 0.211328 0.116797
0 0.483838 0.345947 0.0899414 0.056543
1 0.933057 0.33584 0.133301 0.0332031
7 0.969531 0.122168 0.0601563 0.244336
3 0.492188 0.512061 0.0916016 0.250293
1 0.982324 0.45791 0.0347656 0.216992
5 0.460352 0.632227 0.0615234 0.0347656
5 0.458496 0.678662 0.0988281 0.0612305
5 0.825098 0.409766 0.133594 0.181055
5 0.631738 0.478027 0.286719 0.514648
1 0.932568 0.787109 0.0383789 0.0201172
