7 0.980859 0.240625 0.0376953 0.0283203
7 0.964307 0.179004 0.0708008 0.139844
7 0.955713 0.204639 0.084668 0.087793
7 0.663037 0.24624 0.163379 0.142871
0 0.576904 0.182422 0.0842773 0.124219
7 0.705225 0.3771 0.153809 0.144629
5 0.68374 0.332568 0.0545898 0.0952148
7 0.638916 0.428027 0.18584 0.139844
7 0.419678 0.348438 0.0727539 0.0267578
7 0.511572 0.436963 0.062207 0.0307617
7 0.548779 0.364893 0.234473 0.141895
7 0.482422 0.273486 0.248633 0.140137
7 0.456641 0.496191 0.248633 0.151562
1 0.376953 0.405957 0.207031 0.120508
7 0.311865 0.324512 0.141504 0.121289
1 0.198926 0.552637 0.216602 0.0724609
5 0.202441 0.544385 0.213672 0.0749023
1 0.187939 0.535693 0.224512 0.0749023
5 0.182324 0.523926 0.206641 0.0498047
1 0.148486 0.519287 0.151465 0.046582
1 0.139746 0.507715 0.127344 0.0441406
5 0.206982 0.495557 0.216309 0.0500977
7 0.184717 0.389062 0.25498 0.214062
