1 0.484131 0.587695 0.706348 0.329102
1 0.386133 0.438867 0.255664 0.0816406
1 0.34082 0.408203 0.0486328 0.0431641
1 0.440527 0.41416 0.12832 0.0589844
1 0.393994 0.404297 0.0942383 0.0634766
1 0.445557 0.365088 0.056543 0.047168
1 0.508154 0.354834 0.0374023 0.0260742
1 0.476172 0.365771 0.0601563 0.0446289
1 0.582617 0.389453 0.101172 0.0929688
1 0.537988 0.416699 0.0992187 0.0451172
1 0.531299 0.397705 0.0579102 0.0702148
0 0.3021 0.507031 0.0803711 0.0339844
0 0.590479 0.449707 0.121387 0.0367188
