0 0.837109 0.197119 0.100195 0.0456055
0 0.638525 0.315332 0.167285 0.108398
0 0.795312 0.424609 0.114453 0.0515625
7 0.389355 0.319824 0.352148 0.233398
2 0.295312 0.398242 0.104492 0.0880859
0 0.359277 0.431885 0.101562 0.0999023
0 0.364551 0.517725 0.0896484 0.0235352
0 0.451514 0.494434 0.0770508 0.0439453
0 0.421094 0.50376 0.0439453 0.0352539
0 0.3646 0.494385 0.0856445 0.030957
7 0.596045 0.446924 0.100879 0.102637
0 0.484619 0.403125 0.181543 0.137695
0 0.643848 0.78877 0.116406 0.112305
0 0.727686 0.779932 0.131934 0.100488
0 0.76748 0.80835 0.125 0.11084
0 0.220605 0.339844 0.0958984 0.0605469
0 0.537061 0.758057 0.12041 0.0860352
7 0.642041 0.912061 0.0803711 0.0950195
0 0.662891 0.419727 0.0929688 0.0746094
