0 0.516309 0.547998 0.0558594 0.0354492
0 0.547754 0.59458 0.0228516 0.0399414
2 0.482324 0.587939 0.114062 0.0969727
0 0.628125 0.686377 0.0195312 0.0170898
0 0.489111 0.485889 0.0522461 0.0749023
5 0.610498 0.552441 0.236816 0.248242
5 0.515576 0.668652 0.228223 0.138867
0 0.502832 0.685645 0.0638672 0.0384766
0 0.956055 0.613867 0.0873047 0.0818359
1 0.959033 0.413965 0.0813477 0.0992187
0 0.877197 0.375977 0.0975586 0.118555
5 0.911328 0.544385 0.176563 0.170605
7 0.772949 0.636182 0.132617 0.116113
