0 0.499854 0.499854 0.999707 0.999707
0 0.519385 0.423486 0.0870117 0.246777
0 0.592725 0.428516 0.090918 0.0386719
4 0.62583 0.464355 0.0407227 0.0552734
4 0.634082 0.518994 0.0439453 0.124707
4 0.624805 0.525928 0.0697266 0.138184
4 0.486621 0.32627 0.125977 0.262109
4 0.425098 0.474512 0.12793 0.34082
1 0.452246 0.934766 0.124023 0.0992187
1 0.55752 0.822217 0.101172 0.141895
4 0.539502 0.927686 0.19873 0.102441
4 0.458691 0.744238 0.06875 0.106445
4 0.382422 0.825293 0.0849609 0.0458984
4 0.603711 0.845361 0.106836 0.140137
4 0.516895 0.71084 0.208984 0.306055
5 0.449854 0.861377 0.143848 0.0520508
4 0.456494 0.91665 0.225879 0.103223
4 0.417822 0.747266 0.153809 0.163672
4 0.377148 0.513232 0.155078 0.345996
4 0.533789 0.535107 0.169336 0.320215
