1 0.343701 0.112744 0.0391602 0.225488
0 0.375977 0.107129 0.0654297 0.214258
1 0.382568 0.362891 0.287988 0.245703
1 0.32207 0.236475 0.0542969 0.0708008
1 0.441064 0.208789 0.0518555 0.0300781
1 0.419238 0.224561 0.0265625 0.0383789
1 0.32832 0.318115 0.177539 0.283105
1 0.352295 0.300049 0.0924805 0.128613
3 0.343945 0.355322 0.0386719 0.0360352
1 0.400146 0.332666 0.0463867 0.13291
1 0.351367 0.389014 0.145117 0.19541
1 0.436475 0.283594 0.068457 0.216602
1 0.509668 0.566797 0.171094 0.398828
1 0.299121 0.663232 0.409766 0.477832
1 0.292383 0.509766 0.177539 0.105469
1 0.67876 0.465771 0.214746 0.542676
7 0.67085 0.270166 0.0426758 0.0741211
1 0.759668 0.306738 0.0386719 0.0486328
1 0.624707 0.32041 0.0699219 0.214258
1 0.724023 0.294678 0.0736328 0.0575195
1 0.700977 0.402637 0.146094 0.165039
7 0.733008 0.435889 0.0265625 0.0641602
1 0.659619 0.35752 0.0454102 0.145508
1 0.698096 0.391846 0.077832 0.180566
1 0.619824 0.370703 0.0451172 0.12832
0 0.671777 0.418115 0.078125 0.0995117
1 0.63916 0.449561 0.116602 0.0499023
0 0.0396973 0.366699 0.0793945 0.0939453
0 0.0307617 0.291602 0.0615234 0.0945312
0 0.0286621 0.249463 0.0573242 0.114746
0 0.0192383 0.161084 0.0384766 0.154785
