1 0.701758 0.715918 0.176367 0.115039
1 0.67998 0.587939 0.328125 0.271777
1 0.391504 0.739893 0.200195 0.234473
1 0.597852 0.331787 0.211523 0.128613
1 0.611475 0.305566 0.147559 0.147461
1 0.369922 0.0419922 0.292383 0.0839844
1 0.20332 0.42168 0.119531 0.090625
7 0.23457 0.209863 0.0332031 0.0916016
7 0.158203 0.302295 0.183008 0.148145
1 0.238574 0.366943 0.0708984 0.0717773
1 0.23623 0.327051 0.0751953 0.0925781
7 0.226514 0.469238 0.159473 0.176563
7 0.551172 0.104004 0.0662109 0.0830078
1 0.55752 0.221729 0.163672 0.220605
1 0.607861 0.517188 0.267871 0.118359
1 0.591309 0.455029 0.294141 0.138184
7 0.410107 0.535547 0.130176 0.208008
1 0.518115 0.621484 0.0327148 0.0419922
1 0.53623 0.658838 0.235156 0.325684
1 0.456934 0.641992 0.139648 0.399805
1 0.287256 0.644824 0.165723 0.207031
0 0.380957 0.658057 0.0228516 0.0608398
7 0.112988 0.803223 0.225977 0.201758
7 0.738086 0.931738 0.214258 0.135937
7 0.852588 0.978467 0.0924805 0.0422852
7 0.942187 0.945459 0.115039 0.108496
