5 0.498877 0.499854 0.997754 0.999707
1 0.354004 0.567139 0.311719 0.137598
5 0.790576 0.406787 0.105371 0.134277
4 0.824951 0.484912 0.0922852 0.133887
4 0.725586 0.615088 0.0384766 0.0575195
2 0.750928 0.564307 0.0584961 0.0922852
4 0.487695 0.714746 0.0994141 0.102148
4 0.237744 0.828711 0.118262 0.107813
5 0.546533 0.361914 0.178809 0.100195
5 0.399072 0.436328 0.321387 0.129297
5 0.666309 0.284863 0.112891 0.139844
1 0.686963 0.362451 0.112598 0.103809
0 0.637891 0.202246 0.0164063 0.0572266
5 0.72666 0.454248 0.21875 0.165723
5 0.464014 0.509424 0.0793945 0.104199
3 0.806836 0.580176 0.144336 0.11543
5 0.262402 0.697217 0.274805 0.241699
0 0.366064 0.772949 0.16416 0.124023
5 0.455811 0.617725 0.163184 0.20498
7 0.173145 0.874707 0.0267578 0.0410156
5 0.617432 0.493896 0.234863 0.212012
1 0.655762 0.506104 0.101172 0.157715
5 0.610107 0.630078 0.234082 0.1875
1 0.65293 0.62002 0.0945312 0.126367
0 0.485156 0.443262 0.0625 0.0519531
0 0.490088 0.635742 0.077832 0.0248047
0 0.319189 0.538916 0.169629 0.116113
