5 0.421387 0.499854 0.837305 0.999707
0 0.498975 0.0758789 0.0307617 0.0777344
7 0.186816 0.340625 0.0917969 0.222266
7 0.520312 0.782031 0.100195 0.132227
7 0.273096 0.421436 0.0813477 0.090918
7 0.333105 0.398828 0.351172 0.298242
5 0.383398 0.172314 0.205859 0.29502
0 0.523926 0.704834 0.135156 0.229199
5 0.592432 0.491602 0.183301 0.185547
1 0.56582 0.275195 0.174805 0.326758
5 0.449805 0.447217 0.19668 0.321777
5 0.410889 0.732617 0.213574 0.276172
0 0.398291 0.798291 0.0288086 0.168652
1 0.439404 0.46377 0.176855 0.221875
3 0.275098 0.621191 0.185547 0.172266
0 0.431201 0.226367 0.12373 0.321094
7 0.248193 0.270947 0.152051 0.212598
0 0.261182 0.330078 0.103223 0.0992187
5 0.310791 0.144873 0.230176 0.252637
0 0.352295 0.245654 0.0235352 0.0608398
7 0.566113 0.634229 0.0681641 0.125684
