7 0.327637 0.149658 0.655273 0.299316
7 0.505811 0.0307617 0.163965 0.0615234
1 0.0776367 0.716895 0.155273 0.56543
0 0.462402 0.526904 0.862305 0.94541
4 0.360498 0.248486 0.094043 0.174316
4 0.475586 0.633154 0.0751953 0.0374023
4 0.568018 0.232178 0.312207 0.168652
4 0.46582 0.442285 0.168164 0.124023
4 0.231104 0.31377 0.245996 0.226172
4 0.426855 0.356348 0.152734 0.288672
4 0.527148 0.350049 0.137695 0.12666
4 0.221533 0.496533 0.323926 0.188184
4 0.517529 0.545654 0.283496 0.141504
4 0.313525 0.612598 0.118066 0.0724609
4 0.735156 0.463916 0.100195 0.281738
4 0.683398 0.474414 0.230859 0.396484
3 0.650195 0.592578 0.0726563 0.05625
3 0.389746 0.794336 0.0439453 0.0787109
4 0.559717 0.712305 0.158691 0.136914
4 0.520801 0.812842 0.246484 0.138184
4 0.66582 0.726562 0.0964844 0.155469
4 0.303271 0.816602 0.165137 0.0611328
4 0.316357 0.704053 0.279004 0.207715
3 0.197363 0.780566 0.0525391 0.105469
4 0.255273 0.541504 0.292383 0.396484
5 0.572266 0.751465 0.38418 0.305859
5 0.451904 0.0954102 0.344238 0.19082
3 0.126074 0.551074 0.0726563 0.0777344
