0 0.723633 0.442969 0.0291016 0.0773438
1 0.381738 0.670557 0.474414 0.658301
0 0.320166 0.596875 0.119238 0.15293
7 0.367627 0.579932 0.0489258 0.0495117
7 0.679053 0.330127 0.109668 0.0786133
0 0.360742 0.493311 0.13457 0.221582
0 0.520508 0.527832 0.0298828 0.0388672
2 0.465625 0.169336 0.155664 0.263086
7 0.367334 0.291357 0.106152 0.395215
7 0.542041 0.331885 0.24873 0.397949
0 0.724023 0.517871 0.0835937 0.101367
0 0.196973 0.475732 0.183008 0.320996
0 0.447217 0.936914 0.129785 0.101367
7 0.470264 0.501514 0.0805664 0.205176
7 0.487598 0.309863 0.134766 0.0783203
1 0.6521 0.234619 0.0577148 0.0762695
1 0.428662 0.440039 0.0225586 0.0769531
7 0.697461 0.308691 0.0650391 0.106055
0 0.749414 0.356152 0.0394531 0.203516
2 0.654346 0.439111 0.193262 0.25498
7 0.250049 0.545898 0.116504 0.368164
2 0.424756 0.70127 0.305762 0.20918
0 0.215332 0.727588 0.120508 0.0729492
0 0.254297 0.8625 0.132031 0.111133
