7 0.599365 0.516895 0.0750977 0.03125
1 0.56167 0.322852 0.0922852 0.0880859
7 0.483838 0.392041 0.11709 0.127246
7 0.50498 0.531104 0.169336 0.0821289
7 0.620898 0.34541 0.0830078 0.0394531
1 0.302588 0.520654 0.283105 0.0999023
7 0.458691 0.744922 0.05625 0.135156
7 0.400488 0.606494 0.193164 0.185254
7 0.841406 0.506055 0.235156 0.211523
0 0.313672 0.790674 0.338281 0.394824
7 0.74624 0.509521 0.0856445 0.0776367
1 0.640039 0.430371 0.170313 0.142578
7 0.649365 0.504004 0.0459961 0.0257812
1 0.481787 0.172314 0.54502 0.344043
1 0.666699 0.715625 0.494727 0.460547
1 0.328369 0.483984 0.293652 0.0707031
1 0.297754 0.414893 0.319727 0.155762
1 0.25498 0.359131 0.301563 0.141895
1 0.232129 0.310986 0.280469 0.0922852
1 0.232422 0.285889 0.255273 0.0895508
1 0.156152 0.200049 0.251367 0.221973
7 0.740088 0.317627 0.271191 0.228418
0 0.519189 0.432178 0.150098 0.155957
