5 0.715381 0.830371 0.0676758 0.0476562
5 0.589453 0.850146 0.777539 0.298926
7 0.170361 0.496875 0.0665039 0.199414
1 0.194678 0.474854 0.0729492 0.0952148
7 0.237109 0.547119 0.138867 0.172949
5 0.222705 0.671826 0.0833008 0.138574
5 0.374463 0.427539 0.495996 0.587305
0 0.281104 0.723828 0.101465 0.258594
7 0.700293 0.534766 0.0974609 0.133594
5 0.735742 0.593896 0.0955078 0.156738
5 0.651025 0.62959 0.0977539 0.101172
5 0.737256 0.729883 0.171387 0.222266
1 0.685449 0.777588 0.101953 0.0942383
1 0.373242 0.759033 0.232617 0.19209
5 0.434473 0.417188 0.489063 0.489063
1 0.706445 0.63877 0.195703 0.0572266
3 0.456445 0.683398 0.421875 0.24707
1 0.426172 0.853174 0.210547 0.187207
5 0.61792 0.338477 0.153027 0.166992
0 0.72583 0.534717 0.0473633 0.0541992
