7 0.0256348 0.335889 0.0512695 0.0557617
2 0.296973 0.184521 0.102539 0.113574
1 0.373535 0.230176 0.146484 0.133398
1 0.201563 0.365527 0.403125 0.388867
1 0.102686 0.637549 0.205371 0.176855
7 0.239697 0.659863 0.0866211 0.0503906
1 0.0696289 0.711523 0.129297 0.0267578
1 0.381592 0.956885 0.763184 0.0858398
1 0.0127441 0.845215 0.0254883 0.242578
1 0.110938 0.837549 0.198047 0.261426
1 0.265674 0.746777 0.268848 0.160742
7 0.47998 0.777051 0.836328 0.429102
6 0.492236 0.454688 0.795996 0.434766
0 0.451562 0.407471 0.698047 0.297168
0 0.546484 0.539062 0.672266 0.262109
