5 0.276758 0.674951 0.188477 0.0895508
0 0.279102 0.554736 0.132227 0.121777
0 0.674268 0.268945 0.138184 0.104883
1 0.378369 0.287988 0.603223 0.373047
5 0.490771 0.089502 0.362402 0.143848
2 0.667139 0.402051 0.203418 0.0972656
5 0.741846 0.452637 0.090918 0.0238281
7 0.481348 0.486475 0.310547 0.231934
7 0.604492 0.690381 0.626953 0.618848
5 0.839453 0.860205 0.0353516 0.0374023
7 0.545459 0.953955 0.0532227 0.0344727
1 0.057666 0.969482 0.0823242 0.0520508
1 0.668994 0.407227 0.111816 0.0892578
