7 0.47749 0.104639 0.603223 0.209277
1 0.499854 0.530957 0.999707 0.9375
4 0.703174 0.698779 0.0379883 0.0389648
4 0.819238 0.422559 0.0796875 0.132227
4 0.582666 0.374854 0.0866211 0.162988
4 0.512256 0.437256 0.0866211 0.175098
4 0.341162 0.419092 0.316504 0.24502
4 0.422803 0.481787 0.140527 0.180762
4 0.317432 0.304883 0.0760742 0.135156
4 0.225537 0.370459 0.0760742 0.159473
4 0.143066 0.430859 0.0896484 0.166211
4 0.0756836 0.459863 0.144141 0.106641
4 0.189502 0.471582 0.084668 0.109375
4 0.269531 0.401025 0.0820312 0.116113
4 0.352783 0.32998 0.062793 0.0707031
4 0.448047 0.285303 0.0582031 0.0493164
4 0.272217 0.538574 0.0999023 0.0761719
4 0.413672 0.561572 0.133594 0.143066
4 0.40415 0.59917 0.0708008 0.0391602
4 0.329004 0.537598 0.0667969 0.0955078
4 0.694971 0.4146 0.0870117 0.145605
4 0.622217 0.476855 0.0942383 0.169922
4 0.537549 0.542139 0.133301 0.171582
4 0.545996 0.597266 0.143555 0.131445
4 0.593701 0.656592 0.0670898 0.0364258
4 0.648096 0.561084 0.115723 0.172363
4 0.751855 0.472607 0.105469 0.131738
4 0.916309 0.46084 0.150781 0.128516
4 0.932568 0.560791 0.112402 0.165723
4 0.737256 0.596729 0.289355 0.222754
4 0.821729 0.656982 0.223535 0.187988
4 0.801465 0.712549 0.168359 0.112598
7 0.774756 0.162695 0.449707 0.324414
7 0.0955566 0.0532227 0.191113 0.106445
