6 0.348389 0.741357 0.399121 0.222754
6 0.346582 0.53208 0.376953 0.171387
6 0.382764 0.660205 0.262207 0.186035
6 0.137256 0.530273 0.234082 0.447461
6 0.313037 0.365088 0.522168 0.423145
6 0.227637 0.649316 0.0988281 0.227148
6 0.252686 0.651221 0.0913086 0.214551
7 0.574561 0.318311 0.159082 0.094043
7 0.608936 0.333057 0.14248 0.102637
1 0.836816 0.429834 0.201367 0.174121
1 0.847021 0.425098 0.190137 0.150781
1 0.916211 0.478271 0.166992 0.0592773
1 0.816943 0.393994 0.209277 0.0702148
1 0.921973 0.424609 0.155469 0.104688
1 0.953564 0.375391 0.0922852 0.109375
1 0.983984 0.350293 0.0314453 0.0369141
1 0.851807 0.312646 0.295605 0.129199
6 0.526465 0.325049 0.0873047 0.0637695
