5 0.373389 0.392187 0.622949 0.622852
1 0.839551 0.374268 0.320312 0.268457
1 0.0976074 0.40791 0.121777 0.360938
1 0.130371 0.337207 0.198242 0.341992
1 0.147998 0.377393 0.113184 0.182715
5 0.237158 0.222705 0.141504 0.164941
1 0.264014 0.464502 0.246777 0.184668
3 0.295654 0.595898 0.301465 0.121094
1 0.146582 0.025293 0.135156 0.0505859
7 0.586084 0.518408 0.827246 0.567676
1 0.417578 0.0688965 0.53125 0.137793
5 0.474365 0.190088 0.392676 0.139746
3 0.217041 0.440234 0.22334 0.196875
0 0.823779 0.286035 0.145215 0.0976562
