5 0.466504 0.56123 0.933008 0.876367
4 0.357764 0.228125 0.0850586 0.104492
4 0.303809 0.289844 0.0917969 0.120703
4 0.44126 0.250488 0.0858398 0.12207
4 0.526172 0.293799 0.0929688 0.184863
4 0.388916 0.320312 0.0952148 0.11543
4 0.251318 0.356299 0.0999023 0.124707
4 0.339795 0.401611 0.104199 0.136621
4 0.475781 0.362305 0.0994141 0.137891
4 0.607666 0.357764 0.0987305 0.148145
4 0.178809 0.441455 0.113086 0.146777
4 0.262646 0.492871 0.119043 0.168359
4 0.436279 0.447949 0.110645 0.180859
4 0.359375 0.585205 0.120508 0.263574
4 0.574561 0.431201 0.102441 0.160059
4 0.0881348 0.519629 0.13916 0.177539
4 0.185107 0.595703 0.134668 0.180859
4 0.304102 0.659375 0.141406 0.219531
4 0.702295 0.414893 0.103418 0.203418
4 0.814893 0.417383 0.118848 0.134961
4 0.532959 0.505176 0.113574 0.185547
4 0.467432 0.642871 0.12627 0.263867
4 0.677441 0.499805 0.113867 0.218555
4 0.639404 0.598926 0.122559 0.239453
4 0.589502 0.708789 0.137402 0.293945
4 0.545605 0.803857 0.152734 0.211621
4 0.790527 0.510107 0.132227 0.155762
4 0.76084 0.627979 0.144141 0.195801
4 0.718018 0.792188 0.16416 0.286719
0 0.957129 0.94126 0.0376953 0.0479492
