7 0.472412 0.629004 0.0327148 0.0324219
5 0.0385742 0.222705 0.0771484 0.118066
1 0.796729 0.288379 0.231934 0.31875
1 0.882178 0.585791 0.136426 0.306543
1 0.818652 0.483008 0.0763672 0.096875
1 0.820947 0.528955 0.0739258 0.149121
1 0.464062 0.176416 0.498047 0.30791
1 0.438379 0.322461 0.479883 0.525781
1 0.708105 0.713623 0.284766 0.36377
1 0.749512 0.644531 0.0992187 0.0615234
2 0.702246 0.670459 0.0265625 0.0379883
7 0.644482 0.680566 0.0989258 0.0820312
7 0.750732 0.454248 0.153809 0.261621
1 0.742383 0.592285 0.117773 0.107813
7 0.605225 0.37583 0.304785 0.295996
7 0.643359 0.594043 0.117578 0.149805
1 0.574121 0.705322 0.0505859 0.119043
7 0.54502 0.535107 0.291406 0.228223
1 0.455127 0.856494 0.32041 0.252637
1 0.316748 0.775293 0.0188477 0.0519531
6 0.31665 0.818994 0.0141602 0.0459961
1 0.536963 0.792334 0.156738 0.191113
1 0.470068 0.834131 0.0299805 0.0446289
1 0.513135 0.71792 0.114551 0.187793
5 0.521582 0.794434 0.121484 0.0935547
1 0.492725 0.841113 0.0444336 0.0234375
7 0.331982 0.563965 0.178809 0.418359
7 0.386963 0.301074 0.172168 0.30918
7 0.0740234 0.899658 0.148047 0.200098
7 0.239844 0.87959 0.199414 0.240039
7 0.388574 0.758887 0.144141 0.375
7 0.418896 0.600684 0.0694336 0.0248047
0 0.849902 0.291504 0.125977 0.125977
