1 0.169775 0.36377 0.0418945 0.147461
1 0.206738 0.355273 0.0751953 0.102148
7 0.569189 0.633301 0.228223 0.277148
1 0.764502 0.361768 0.108887 0.19248
1 0.784229 0.362305 0.120996 0.178906
1 0.737207 0.487402 0.0880859 0.118359
1 0.307178 0.417969 0.180762 0.181836
7 0.272803 0.378271 0.077832 0.0588867
5 0.341162 0.349902 0.0518555 0.0648438
5 0.319678 0.311523 0.0536133 0.034375
6 0.31377 0.370361 0.103711 0.12041
7 0.416943 0.427588 0.119043 0.23877
1 0.188623 0.419482 0.0344727 0.0598633
1 0.215283 0.440381 0.0391602 0.10752
1 0.224316 0.447217 0.0275391 0.090918
1 0.127832 0.388379 0.0642578 0.0763672
1 0.0880371 0.498682 0.105176 0.212988
1 0.141846 0.532617 0.169629 0.204687
1 0.117236 0.489746 0.0905273 0.0734375
7 0.082373 0.47749 0.0407227 0.0469727
4 0.0830078 0.478369 0.0513672 0.0499023
1 0.253857 0.664209 0.394629 0.417676
5 0.369629 0.58252 0.0617188 0.0724609
5 0.287939 0.591895 0.0575195 0.0529297
5 0.346045 0.593604 0.0924805 0.074707
5 0.282227 0.559521 0.0689453 0.0674805
5 0.329932 0.698291 0.0180664 0.0459961
5 0.353223 0.671143 0.0347656 0.0479492
5 0.203662 0.641846 0.0674805 0.0780273
5 0.320215 0.800146 0.0257812 0.0407227
5 0.287695 0.775586 0.0669922 0.0935547
5 0.212305 0.710986 0.0496094 0.0694336
5 0.273145 0.669678 0.122266 0.13623
0 0.324316 0.671143 0.0294922 0.0545898
0 0.172852 0.691309 0.0386719 0.0267578
5 0.232227 0.739111 0.0533203 0.0350586
0 0.234766 0.742773 0.0513672 0.0734375
1 0.110254 0.474219 0.0359375 0.0410156
