5 0.097998 0.188721 0.104785 0.377441
1 0.15293 0.370801 0.202734 0.480664
5 0.236377 0.253223 0.100488 0.259961
1 0.727637 0.421143 0.0439453 0.124512
1 0.866602 0.372754 0.266211 0.286719
7 0.946875 0.174512 0.105469 0.132227
5 0.96001 0.241699 0.0793945 0.0552734
5 0.894482 0.247266 0.096582 0.0589844
5 0.975488 0.319287 0.0482422 0.10791
1 0.929053 0.308154 0.0823242 0.0905273
0 0.894678 0.624268 0.19541 0.0500977
1 0.946631 0.532715 0.106152 0.189453
0 0.889063 0.574854 0.0902344 0.046582
1 0.900586 0.736523 0.198047 0.221484
1 0.865137 0.70918 0.0767578 0.101953
1 0.9 0.780908 0.0796875 0.103418
1 0.950732 0.755518 0.0727539 0.047168
2 0.809717 0.76709 0.068457 0.0376953
2 0.814502 0.755957 0.0713867 0.0376953
2 0.820654 0.721191 0.0750977 0.0818359
7 0.714404 0.629248 0.258887 0.295605
7 0.776465 0.494385 0.06875 0.0344727
7 0.272803 0.455811 0.263184 0.290137
7 0.28999 0.389746 0.11377 0.0523438
7 0.492871 0.44917 0.432227 0.327832
5 0.408057 0.334033 0.154785 0.0317383
7 0.566113 0.791943 0.314844 0.361621
7 0.635938 0.62749 0.123047 0.056543
5 0.566357 0.386328 0.12998 0.0845703
