3 0.893408 0.347607 0.0135742 0.0290039
3 0.796973 0.279883 0.0363281 0.0449219
3 0.439014 0.851074 0.0499023 0.0255859
3 0.62832 0.26792 0.0720703 0.0547852
3 0.544678 0.306689 0.0999023 0.17334
3 0.172754 0.446436 0.176953 0.129004
3 0.310889 0.440186 0.0999023 0.0887695
3 0.383545 0.464258 0.0456055 0.0412109
3 0.371729 0.433301 0.0469727 0.0376953
3 0.414062 0.419775 0.113086 0.0870117
5 0.194141 0.343164 0.212305 0.100977
3 0.301758 0.844385 0.0724609 0.0657227
3 0.244092 0.794775 0.130957 0.0924805
3 0.263916 0.740332 0.108496 0.103711
3 0.856982 0.470117 0.0889648 0.0433594
3 0.720215 0.321924 0.130273 0.187012
3 0.841748 0.372803 0.124707 0.199902
3 0.944727 0.644238 0.109766 0.179297
3 0.950684 0.457764 0.0978516 0.195215
3 0.783203 0.475293 0.0472656 0.0339844
3 0.812354 0.396045 0.260254 0.124512
3 0.765186 0.647461 0.062207 0.0294922
3 0.820312 0.62373 0.124023 0.0292969
3 0.756299 0.6021 0.195801 0.0776367
3 0.615186 0.475684 0.171582 0.199414
3 0.781445 0.765088 0.207031 0.100684
3 0.545264 0.831494 0.139551 0.0473633
3 0.544336 0.809131 0.0720703 0.0444336
3 0.652637 0.811475 0.0744141 0.0530273
3 0.637402 0.774072 0.180273 0.0584961
3 0.876855 0.683301 0.0658203 0.0654297
3 0.799316 0.701758 0.210352 0.139648
3 0.90249 0.569678 0.194434 0.193457
3 0.723389 0.504736 0.243066 0.189941
3 0.50498 0.452686 0.181836 0.136426
3 0.35415 0.329004 0.23877 0.197656
3 0.519678 0.321045 0.282715 0.125293
3 0.373975 0.786816 0.153418 0.161914
3 0.48623 0.804834 0.122656 0.0739258
3 0.298486 0.660742 0.100879 0.0460938
3 0.403613 0.687939 0.108789 0.146777
3 0.174121 0.682617 0.192773 0.140625
3 0.348096 0.611572 0.114746 0.119043
3 0.286572 0.499121 0.12002 0.0736328
3 0.202051 0.583838 0.251953 0.19248
3 0.579688 0.683301 0.289062 0.214258
3 0.418018 0.554541 0.221582 0.180566
3 0.516016 0.542285 0.274805 0.191211
