5 0.502344 0.575293 0.609766 0.416406
1 0.595752 0.457666 0.51748 0.324121
1 0.680957 0.501416 0.18457 0.263184
1 0.65083 0.499854 0.204395 0.207129
7 0.393408 0.479639 0.174316 0.100684
0 0.474365 0.698682 0.137207 0.119043
0 0.31123 0.684082 0.134961 0.0972656
0 0.407959 0.6604 0.299316 0.094043
0 0.323584 0.544629 0.14248 0.0763672
0 0.575195 0.702979 0.0367188 0.0334961
0 0.574561 0.738281 0.155762 0.0396484
0 0.366699 0.602051 0.281055 0.0498047
0 0.420801 0.495801 0.149805 0.0982422
0 0.439307 0.570947 0.162988 0.0803711
0 0.358008 0.609814 0.192773 0.157715
2 0.596875 0.585596 0.224219 0.225684
5 0.58916 0.458691 0.250977 0.0955078
0 0.498877 0.682178 0.136621 0.146582
1 0.599023 0.571826 0.223242 0.17334
0 0.462939 0.684619 0.19248 0.14209
0 0.653809 0.661279 0.183203 0.129199
1 0.0155273 0.79502 0.0310547 0.202148
0 0.959033 0.858643 0.0813477 0.214746
0 0.933984 0.765283 0.13125 0.364355
0 0.981348 0.656836 0.0367188 0.0681641
