6 0.129736 0.495557 0.11709 0.231152
6 0.206592 0.462988 0.232129 0.443164
6 0.327539 0.451904 0.17832 0.32041
6 0.391309 0.454248 0.108594 0.188184
6 0.445361 0.453906 0.0563477 0.252344
6 0.472021 0.482129 0.0481445 0.230859
6 0.525098 0.440479 0.112109 0.32998
0 0.638721 0.649121 0.349902 0.173242
6 0.569824 0.448877 0.0488281 0.219238
6 0.596875 0.512549 0.0791016 0.392871
6 0.63877 0.464551 0.0433594 0.306836
6 0.750537 0.505566 0.229199 0.426563
0 0.0803711 0.434082 0.0357422 0.0519531
0 0.585352 0.500195 0.0927734 0.374023
0 0.404932 0.452393 0.0280273 0.18252
0 0.448145 0.453711 0.0505859 0.251367
0 0.754785 0.500635 0.216992 0.400098
