7 0.640869 0.365527 0.356152 0.323047
1 0.947412 0.708643 0.0481445 0.0674805
1 0.497998 0.626318 0.455371 0.574121
1 0.416309 0.605957 0.305273 0.298633
2 0.476416 0.679736 0.0575195 0.0670898
0 0.430078 0.56709 0.0292969 0.0496094
1 0.491309 0.497998 0.271289 0.160059
7 0.901514 0.469238 0.196387 0.422656
0 0.783154 0.825684 0.052832 0.0958984
1 0.918652 0.860596 0.0734375 0.0790039
8 0.982861 0.801904 0.0327148 0.0536133
0 0.952246 0.781104 0.0587891 0.0708008
0 0.957617 0.737061 0.0679687 0.0641602
0 0.0818848 0.827686 0.163184 0.154785
