7 0.730078 0.0458008 0.122266 0.0916016
7 0.800586 0.0699219 0.0724609 0.139844
7 0.366553 0.296289 0.249512 0.375
7 0.595752 0.242041 0.194434 0.263184
1 0.774805 0.194775 0.206836 0.18584
1 0.762988 0.217578 0.149023 0.119727
1 0.778174 0.202881 0.131152 0.106152
2 0.876025 0.269336 0.0823242 0.18418
7 0.735205 0.333154 0.272559 0.395215
7 0.528223 0.637891 0.421094 0.547656
5 0.588477 0.437012 0.108594 0.105469
1 0.573291 0.486914 0.0731445 0.0439453
5 0.460059 0.574072 0.0634766 0.0522461
5 0.421484 0.5979 0.0294922 0.0370117
1 0.49165 0.53623 0.030957 0.0486328
