4 0.395996 0.227734 0.429688 0.218555
7 0.698584 0.159863 0.20166 0.0427734
2 0.639014 0.250439 0.36084 0.178809
5 0.774609 0.250439 0.123828 0.190527
0 0.805078 0.806641 0.14668 0.0933594
5 0.794727 0.70625 0.243359 0.2125
0 0.600146 0.582764 0.12041 0.118262
0 0.274121 0.616064 0.0865234 0.0829102
2 0.395117 0.637207 0.211523 0.128516
5 0.442529 0.576563 0.232324 0.152734
2 0.345752 0.751025 0.286426 0.12627
0 0.204443 0.77583 0.0182617 0.0442383
7 0.204736 0.596973 0.153027 0.107227
7 0.107373 0.726807 0.0833008 0.071582
6 0.291943 0.392383 0.0711914 0.0958984
7 0.26167 0.425146 0.124121 0.0989258
0 0.295801 0.475586 0.146094 0.0783203
0 0.364355 0.443799 0.0654297 0.197949
0 0.869385 0.449316 0.0969727 0.0488281
0 0.814502 0.509961 0.181152 0.108984
0 0.530762 0.69375 0.0986328 0.0679687
0 0.599854 0.718896 0.100098 0.0518555
