1 0.45752 0.648486 0.915039 0.370801
1 0.581396 0.509814 0.175293 0.0870117
5 0.173633 0.693018 0.185156 0.111816
5 0.187842 0.55332 0.130957 0.100195
0 0.1979 0.61792 0.0651367 0.0374023
5 0.362549 0.525928 0.186816 0.125293
5 0.341748 0.686621 0.165723 0.111328
5 0.291113 0.579541 0.163672 0.115527
1 0.486426 0.597266 0.242773 0.267383
5 0.701855 0.619189 0.268164 0.195215
5 0.551709 0.578223 0.25166 0.123242
6 0.499854 0.600293 0.999707 0.672852
6 0.499854 0.208936 0.999707 0.417871
7 0.497021 0.227197 0.714941 0.21084
5 0.521289 0.663721 0.161719 0.135449
