1 0.267383 0.612695 0.144336 0.248633
7 0.914746 0.355322 0.0423828 0.114746
7 0.723437 0.426855 0.143359 0.240039
7 0.836279 0.301758 0.239551 0.303906
7 0.87627 0.544678 0.219727 0.332715
1 0.476172 0.526807 0.224219 0.302246
7 0.590918 0.5729 0.242773 0.383301
7 0.562646 0.776563 0.279004 0.314453
2 0.394482 0.465479 0.0776367 0.0870117
1 0.444287 0.473535 0.0583008 0.0978516
7 0.778711 0.153076 0.0396484 0.0297852
0 0.73042 0.216113 0.0288086 0.0552734
7 0.71001 0.332373 0.0563477 0.0370117
7 0.803467 0.657422 0.22002 0.37832
