7 0.242432 0.349561 0.128223 0.374316
7 0.362012 0.342627 0.135156 0.31416
7 0.333691 0.544336 0.143555 0.37168
7 0.572705 0.425293 0.123535 0.240039
7 0.563867 0.318945 0.0716797 0.0453125
7 0.664551 0.433496 0.125781 0.270508
7 0.671143 0.625049 0.248535 0.353223
7 0.478564 0.423779 0.145605 0.165723
7 0.375391 0.202344 0.0845703 0.0601563
7 0.472363 0.257715 0.158008 0.239063
7 0.500879 0.628027 0.215039 0.405469
7 0.819678 0.491748 0.271777 0.374316
0 0.698242 0.393701 0.0359375 0.0327148
0 0.700928 0.342383 0.0481445 0.0505859
