1 0.918115 0.27251 0.163184 0.158691
0 0.645312 0.218799 0.293164 0.12666
0 0.519873 0.161377 0.0352539 0.0641602
0 0.47251 0.22085 0.0674805 0.0866211
3 0.562793 0.300293 0.0376953 0.0476562
0 0.534668 0.301074 0.0332031 0.0558594
0 0.414062 0.340674 0.316211 0.158105
2 0.496387 0.278418 0.0597656 0.117773
1 0.282324 0.137256 0.465039 0.274512
7 0.607275 0.192285 0.286426 0.38457
7 0.834033 0.120557 0.331348 0.241113
0 0.20498 0.329346 0.0423828 0.0522461
1 0.420215 0.465137 0.260156 0.456055
0 0.532764 0.450049 0.0848633 0.096582
3 0.61543 0.434717 0.0404297 0.0479492
1 0.299756 0.522949 0.353418 0.415039
5 0.332129 0.507959 0.162695 0.233496
7 0.381348 0.489551 0.20957 0.223828
7 0.590137 0.754492 0.192188 0.11875
1 0.697949 0.535547 0.338281 0.480469
5 0.36167 0.114111 0.21748 0.228223
7 0.323779 0.133936 0.260645 0.214941
