1 0.497314 0.806885 0.047168 0.062207
7 0.688818 0.0828613 0.149512 0.165723
7 0.727295 0.287695 0.130176 0.292969
7 0.418408 0.758252 0.123535 0.153418
7 0.464209 0.531787 0.345996 0.514551
6 0.779004 0.694922 0.350195 0.540039
6 0.741846 0.660352 0.160254 0.215625
6 0.789648 0.606006 0.229687 0.24834
7 0.678223 0.370752 0.157031 0.274512
7 0.0601563 0.800928 0.120313 0.374316
7 0.266992 0.892725 0.423828 0.213965
7 0.244482 0.75332 0.321387 0.44375
7 0.50542 0.260254 0.361621 0.325391
0 0.969336 0.807178 0.0607422 0.0641602
0 0.761328 0.798242 0.314258 0.215625
