6 0.616504 0.958301 0.293945 0.0828125
6 0.6146 0.94751 0.289355 0.104395
6 0.350488 0.768066 0.260547 0.212305
6 0.615088 0.867578 0.30752 0.233594
1 0.874951 0.944043 0.249316 0.111328
7 0.293359 0.681201 0.0376953 0.0473633
7 0.370361 0.684033 0.130957 0.0739258
7 0.396826 0.580225 0.254004 0.176855
6 0.619873 0.67793 0.388574 0.263672
6 0.815479 0.784033 0.109082 0.330371
6 0.932568 0.881738 0.134277 0.229687
1 0.698096 0.398682 0.603223 0.462598
6 0.927783 0.644043 0.143848 0.307031
7 0.954053 0.470801 0.0913086 0.203906
0 0.486279 0.778906 0.0499023 0.0320312
0 0.910254 0.306689 0.178906 0.225488
0 0.964648 0.344482 0.034375 0.0729492
0 0.4646 0.205664 0.107129 0.0798828
0 0.835986 0.6104 0.0297852 0.0391602
