7 0.202051 0.889746 0.0654297 0.0800781
7 0.219189 0.858887 0.0489258 0.0203125
1 0.35918 0.770215 0.0767578 0.0810547
1 0.436328 0.543799 0.0730469 0.0583008
7 0.349072 0.620996 0.145801 0.117578
7 0.278271 0.610986 0.260254 0.136621
7 0.521777 0.527734 0.101172 0.100195
7 0.279248 0.764062 0.24502 0.200195
7 0.392188 0.405078 0.518555 0.318164
7 0.372314 0.178955 0.540332 0.35791
5 0.389551 0.47373 0.0257812 0.0525391
7 0.582617 0.92334 0.281055 0.123047
7 0.232568 0.954834 0.113379 0.0897461
7 0.591943 0.732861 0.429199 0.359668
7 0.366748 0.88252 0.281738 0.234375
7 0.727393 0.972754 0.43291 0.0541016
