0 0.499854 0.499854 0.999707 0.999707
5 0.432568 0.519141 0.0674805 0.0550781
5 0.352344 0.525928 0.127344 0.0399414
5 0.231641 0.561426 0.0691406 0.0404297
5 0.265674 0.49541 0.157715 0.103906
5 0.406592 0.687402 0.403809 0.288477
5 0.304443 0.669922 0.106152 0.0550781
5 0.497363 0.68042 0.0753906 0.0196289
5 0.306055 0.611377 0.201367 0.217285
5 0.50166 0.611572 0.143555 0.13291
5 0.403174 0.594531 0.0741211 0.134961
5 0.386377 0.646289 0.0975586 0.0744141
5 0.703906 0.607764 0.266211 0.0969727
5 0.745703 0.418066 0.0853516 0.0597656
5 0.75 0.448096 0.0595703 0.0444336
5 0.69541 0.416797 0.107813 0.0568359
5 0.653271 0.524707 0.470605 0.183789
5 0.462305 0.737305 0.395508 0.171094
7 0.31543 0.743799 0.173242 0.158691
7 0.546143 0.482617 0.108105 0.0228516
5 0.497852 0.433008 0.38125 0.15625
5 0.548633 0.347705 0.173242 0.0600586
1 0.117383 0.887305 0.154102 0.0478516
