7 0.0580078 0.416162 0.114062 0.689941
1 0.0507812 0.13418 0.101562 0.0460938
1 0.168994 0.513623 0.204395 0.211816
7 0.446094 0.712744 0.0972656 0.0391602
5 0.335986 0.808545 0.0336914 0.056543
7 0.469629 0.894482 0.102539 0.0538086
5 0.441846 0.712695 0.0522461 0.0304687
1 0.18042 0.448242 0.131934 0.103906
0 0.286084 0.789209 0.0813477 0.00888672
0 0.309326 0.83125 0.056543 0.0285156
1 0.418164 0.82666 0.192773 0.172656
7 0.562695 0.810986 0.338281 0.268848
1 0.509375 0.890869 0.0505859 0.0288086
0 0.206201 0.44082 0.0889648 0.0662109
7 0.167529 0.487842 0.0631836 0.0317383
1 0.120557 0.476709 0.0545898 0.037207
6 0.363086 0.322656 0.171289 0.126953
0 0.371338 0.282324 0.101855 0.0339844
7 0.343066 0.316455 0.0896484 0.0336914
3 0.31626 0.29668 0.0584961 0.0228516
1 0.0350586 0.0908203 0.0701172 0.0679687
