6 0.17417 0.584668 0.0180664 0.0482422
6 0.178418 0.69541 0.0275391 0.0648438
6 0.717041 0.423926 0.0584961 0.0681641
6 0.307861 0.442773 0.279004 0.160742
6 0.309912 0.610156 0.316699 0.314844
6 0.484473 0.808398 0.351953 0.382617
6 0.575244 0.496729 0.26709 0.26123
6 0.674463 0.74502 0.0364258 0.06875
6 0.643262 0.676904 0.114844 0.195801
6 0.70835 0.497559 0.0793945 0.130664
0 0.659717 0.500977 0.144824 0.261914
6 0.685742 0.900146 0.0689453 0.156738
6 0.19917 0.739209 0.0545898 0.0975586
7 0.555371 0.213623 0.274023 0.370996
