3 0.475537 0.984082 0.0860352 0.0310547
5 0.599316 0.93042 0.170898 0.138574
1 0.738184 0.624365 0.216016 0.36709
1 0.708936 0.60752 0.10791 0.155469
1 0.724316 0.453027 0.157031 0.335938
1 0.680078 0.543311 0.0173828 0.0713867
1 0.700439 0.502148 0.0426758 0.0882813
1 0.69292 0.52417 0.0124023 0.0999023
1 0.66875 0.522607 0.0240234 0.0393555
1 0.414795 0.323779 0.147559 0.162012
1 0.292236 0.44624 0.199121 0.213965
1 0.586914 0.643359 0.0201172 0.0300781
1 0.556543 0.391162 0.414648 0.554199
1 0.655029 0.564014 0.0217773 0.0155273
7 0.619385 0.710303 0.134668 0.303613
1 0.470264 0.748975 0.207324 0.36377
1 0.450781 0.695703 0.0255859 0.0568359
3 0.466797 0.835303 0.09375 0.212988
1 0.293018 0.855811 0.287988 0.275098
1 0.294678 0.733643 0.324902 0.529395
1 0.23501 0.770215 0.431348 0.458984
1 0.0278809 0.952246 0.0557617 0.0949219
1 0.169629 0.69043 0.339258 0.344531
7 0.310986 0.836963 0.0401367 0.0383789
1 0.377344 0.520557 0.0607422 0.0827148
1 0.363428 0.569287 0.0493164 0.0545898
1 0.416064 0.572021 0.0647461 0.0508789
5 0.863037 0.193311 0.220215 0.191504
5 0.867285 0.131738 0.225195 0.124023
5 0.870264 0.105859 0.22666 0.117773
5 0.874072 0.0735352 0.230371 0.120703
5 0.876416 0.0499512 0.226465 0.0999023
5 0.873389 0.0342285 0.215527 0.068457
5 0.871338 0.0155273 0.178613 0.0310547
1 0.39292 0.562354 0.0364258 0.0407227
1 0.532227 0.416357 0.12793 0.187207
1 0.517188 0.370996 0.148047 0.220898
