7 0.425098 0.665039 0.0505859 0.150781
7 0.642871 0.725879 0.0982422 0.203711
7 0.989502 0.607617 0.0206055 0.147852
7 0.987695 0.432715 0.0240234 0.24043
7 0.947754 0.862061 0.103906 0.275098
7 0.804736 0.851318 0.243848 0.296582
7 0.836182 0.491895 0.315723 0.50293
7 0.650293 0.405469 0.289648 0.558203
7 0.50918 0.425293 0.0228516 0.0548828
7 0.48291 0.418457 0.0376953 0.0810547
7 0.424902 0.458643 0.166211 0.265918
7 0.973047 0.708008 0.0533203 0.0582031
7 0.514307 0.736475 0.175879 0.38291
7 0.25376 0.582471 0.124512 0.200684
7 0.154053 0.701367 0.199902 0.385547
7 0.336328 0.700928 0.18457 0.419629
7 0.0824707 0.563428 0.0483398 0.0336914
