5 0.858691 0.661377 0.194141 0.0647461
7 0.855273 0.460596 0.209961 0.173145
1 0.0437988 0.619775 0.0856445 0.0426758
1 0.263086 0.376758 0.208008 0.136914
7 0.0350586 0.586035 0.0701172 0.0451172
7 0.0740723 0.49165 0.148145 0.155957
7 0.141064 0.409082 0.233105 0.170898
7 0.522754 0.339404 0.248633 0.0831055
1 0.664648 0.389258 0.0925781 0.0230469
7 0.487793 0.41001 0.299609 0.099707
1 0.310693 0.416357 0.0756836 0.0649414
1 0.27915 0.41582 0.0450195 0.0349609
7 0.625781 0.725439 0.146484 0.0536133
5 0.832861 0.54873 0.056543 0.0349609
1 0.646338 0.555078 0.381934 0.319922
1 0.0922363 0.665918 0.0264648 0.0386719
1 0.287061 0.568164 0.484082 0.370508
1 0.247998 0.595752 0.100488 0.10166
1 0.385303 0.5979 0.0641602 0.0379883
1 0.372168 0.511377 0.221875 0.27334
1 0.398145 0.58501 0.0667969 0.0756836
1 0.532373 0.384375 0.146777 0.113086
1 0.574756 0.448145 0.178613 0.0634766
1 0.662354 0.531396 0.283105 0.13916
1 0.587402 0.515479 0.160352 0.072168
2 0.531445 0.496533 0.0304687 0.056543
1 0.637354 0.48623 0.181543 0.113867
6 0.661572 0.527295 0.233105 0.125488
2 0.882617 0.55874 0.0496094 0.0381836
5 0.904883 0.688916 0.189453 0.0895508
0 0.966309 0.730078 0.0667969 0.0597656
0 0.93374 0.760059 0.10752 0.0578125
