7 0.244141 0.419824 0.177344 0.182227
6 0.356738 0.34458 0.10293 0.199121
0 0.531592 0.693652 0.0428711 0.0638672
1 0.695264 0.645654 0.129199 0.136621
1 0.768115 0.442236 0.205371 0.104785
7 0.631104 0.31084 0.0950195 0.101172
7 0.694678 0.24458 0.0887695 0.17959
7 0.71626 0.330664 0.0793945 0.176563
7 0.745264 0.28457 0.0887695 0.166992
0 0.784619 0.226465 0.0573242 0.0363281
0 0.481104 0.74292 0.0327148 0.0479492
2 0.321387 0.644629 0.387891 0.541992
1 0.394141 0.55625 0.106641 0.0515625
1 0.330566 0.571924 0.274805 0.395801
1 0.30459 0.669971 0.144336 0.0833008
1 0.219238 0.632422 0.0267578 0.0353516
1 0.245508 0.62915 0.0164063 0.0407227
1 0.238623 0.631396 0.0208008 0.0584961
1 0.258838 0.618701 0.0463867 0.062793
