1 0.284863 0.294043 0.569727 0.588086
1 0.741602 0.0869141 0.516211 0.173828
1 0.762109 0.213086 0.475195 0.219727
1 0.661719 0.690381 0.12832 0.300879
1 0.855273 0.767725 0.288672 0.402051
1 0.767236 0.445605 0.464941 0.271094
1 0.369678 0.111572 0.324707 0.19541
1 0.105811 0.213281 0.211621 0.426563
7 0.479346 0.207227 0.102832 0.0349609
7 0.55293 0.212939 0.0773438 0.031543
1 0.519873 0.228564 0.180566 0.0161133
7 0.299316 0.175 0.152148 0.0230469
7 0.290137 0.200342 0.295312 0.0649414
7 0.292188 0.207812 0.284766 0.0560547
1 0.316309 0.726367 0.608789 0.293945
1 0.311865 0.541016 0.578027 0.266602
1 0.362402 0.281592 0.534375 0.273535
