2 0.771826 0.760498 0.096582 0.052832
2 0.802588 0.755127 0.0450195 0.0473633
2 0.80625 0.741602 0.034375 0.0421875
5 0.801465 0.437207 0.11875 0.112109
0 0.572754 0.890283 0.215625 0.169434
0 0.443408 0.876709 0.120996 0.0713867
0 0.939307 0.876221 0.111426 0.0629883
0 0.87002 0.831641 0.241406 0.0808594
0 0.807031 0.822314 0.105469 0.100488
2 0.678271 0.812598 0.201074 0.112305
0 0.757666 0.456885 0.0450195 0.0620117
0 0.825684 0.540771 0.176563 0.141113
0 0.89917 0.691553 0.201074 0.259668
7 0.539209 0.526123 0.592285 0.680762
0 0.755615 0.929932 0.191113 0.121777
5 0.899805 0.62959 0.0945312 0.193164
0 0.852002 0.701563 0.0836914 0.10293
