3 0.252637 0.208691 0.229883 0.298242
0 0.325146 0.370557 0.099707 0.0545898
7 0.534082 0.0644531 0.213086 0.116406
7 0.608643 0.199414 0.206348 0.200391
7 0.464062 0.34917 0.250977 0.68584
5 0.75957 0.385449 0.27207 0.403125
5 0.699854 0.483936 0.277246 0.391895
0 0.68374 0.422949 0.0520508 0.222852
5 0.418066 0.555762 0.30332 0.305273
1 0.414893 0.55293 0.22666 0.30957
0 0.652393 0.59165 0.27998 0.230176
5 0.161572 0.539502 0.323145 0.431543
0 0.137988 0.589941 0.0662109 0.18457
5 0.332959 0.834277 0.210059 0.279102
0 0.109277 0.831982 0.139648 0.156738
0 0.55542 0.240918 0.0875977 0.204687
0 0.367871 0.90752 0.0671875 0.0816406
1 0.55957 0.81001 0.273828 0.299902
