1 0.434326 0.130176 0.0459961 0.0238281
7 0.521826 0.159229 0.0833008 0.046582
7 0.46167 0.304834 0.103223 0.331348
7 0.568311 0.287842 0.291309 0.234863
7 0.392334 0.562891 0.114746 0.135156
1 0.34707 0.532764 0.0267578 0.0610352
6 0.322363 0.799707 0.263867 0.231445
7 0.176855 0.507617 0.335938 0.401562
7 0.628467 0.445459 0.385254 0.387402
1 0.397314 0.633887 0.0413086 0.0128906
1 0.482764 0.69458 0.100488 0.195215
7 0.699072 0.649023 0.459668 0.482617
1 0.330859 0.664307 0.233789 0.0518555
1 0.521631 0.964014 0.0512695 0.0426758
