1 0.67959 0.340576 0.186523 0.391504
1 0.668408 0.209863 0.0629883 0.0453125
0 0.879834 0.479053 0.0950195 0.0135742
5 0.131836 0.737549 0.0320312 0.111426
7 0.0622559 0.800439 0.124512 0.219238
1 0.716504 0.506641 0.183008 0.208984
1 0.696338 0.424658 0.0280273 0.0827148
1 0.697168 0.50498 0.0515625 0.0515625
1 0.809961 0.531787 0.0212891 0.0469727
5 0.734814 0.416162 0.0713867 0.137207
5 0.775537 0.468213 0.103223 0.124316
5 0.745801 0.532568 0.0431641 0.0293945
6 0.389111 0.681543 0.516895 0.31543
6 0.521729 0.443457 0.195215 0.289062
2 0.516699 0.389209 0.0433594 0.0833008
6 0.324707 0.624805 0.391406 0.398438
1 0.217188 0.222852 0.139648 0.0873047
5 0.240186 0.247363 0.223926 0.17793
1 0.315576 0.289502 0.225488 0.266895
3 0.407861 0.367432 0.0583008 0.0793945
1 0.403027 0.367773 0.0476562 0.05625
0 0.383008 0.67793 0.274023 0.286328
5 0.265625 0.412402 0.272852 0.313477
7 0.140381 0.874365 0.280762 0.250684
1 0.687744 0.759277 0.386426 0.480859
1 0.671777 0.78335 0.267578 0.43252
7 0.64209 0.787695 0.172656 0.251953
3 0.627783 0.853857 0.109668 0.0985352
5 0.690479 0.820605 0.0317383 0.166992
7 0.409473 0.863721 0.425586 0.271777
0 0.276953 0.357275 0.163477 0.330371
0 0.433252 0.495068 0.120996 0.0555664
0 0.523291 0.40957 0.19248 0.102148
0 0.743213 0.809717 0.150098 0.37998
