6 0.038916 0.887939 0.077832 0.223535
6 0.228076 0.891553 0.345996 0.216309
6 0.967969 0.910742 0.0634766 0.17793
6 0.865967 0.902637 0.21748 0.194141
0 0.311035 0.894971 0.0589844 0.209277
6 0.501953 0.901416 0.205859 0.196387
6 0.682422 0.900244 0.169922 0.19873
0 0.730908 0.900977 0.0584961 0.197461
6 0.93208 0.147998 0.135449 0.295996
6 0.838867 0.140381 0.172852 0.280762
6 0.672461 0.138867 0.236328 0.277734
6 0.440576 0.141016 0.279004 0.282031
6 0.09375 0.112598 0.1875 0.225195
6 0.168066 0.116064 0.266602 0.232129
0 0.729883 0.139063 0.105664 0.278125
6 0.947021 0.588574 0.105371 0.472852
6 0.836377 0.798145 0.0989258 0.0433594
6 0.887939 0.555029 0.194434 0.510254
6 0.763525 0.543262 0.151074 0.536328
6 0.145215 0.517676 0.29043 0.538672
0 0.156543 0.523535 0.255469 0.527148
6 0.24585 0.537891 0.290723 0.545312
0 0.0947266 0.638916 0.0808594 0.11377
6 0.528906 0.549707 0.393555 0.564453
