5 0.579834 0.358984 0.234473 0.100977
4 0.628662 0.658008 0.437793 0.105664
4 0.264502 0.703125 0.470215 0.138867
4 0.525928 0.74502 0.291309 0.113086
7 0.0887695 0.440381 0.177539 0.53252
5 0.232764 0.563379 0.266504 0.142578
5 0.63208 0.729639 0.32041 0.130957
4 0.694336 0.589404 0.415039 0.094043
4 0.756494 0.517383 0.297949 0.0589844
4 0.429053 0.336523 0.12002 0.111133
4 0.613428 0.461182 0.38291 0.162988
5 0.570898 0.515869 0.112109 0.077832
5 0.412549 0.521338 0.213965 0.047168
3 0.351221 0.544629 0.127637 0.0595703
4 0.370508 0.440527 0.194727 0.103711
7 0.155762 0.266064 0.311523 0.252441
1 0.0625 0.080957 0.125 0.161914
