0 0.253271 0.432031 0.0639648 0.0646484
7 0.229346 0.479102 0.116895 0.133203
5 0.522412 0.495313 0.55459 0.261914
7 0.397754 0.273438 0.272266 0.236719
7 0.511426 0.3625 0.0597656 0.0472656
3 0.469971 0.378467 0.0575195 0.0317383
7 0.508203 0.388135 0.06875 0.0174805
1 0.34834 0.431348 0.0261719 0.0482422
0 0.314453 0.472852 0.0720703 0.0818359
1 0.492285 0.463281 0.0626953 0.0302734
1 0.412305 0.486133 0.19668 0.0744141
7 0.39502 0.421582 0.0755859 0.0636719
1 0.402588 0.482275 0.128223 0.0217773
5 0.644238 0.441113 0.0539063 0.0193359
4 0.54668 0.441943 0.141797 0.0379883
1 0.429541 0.436084 0.152441 0.0930664
5 0.923486 0.497314 0.152441 0.284863
7 0.938818 0.456885 0.121777 0.14873
5 0.778711 0.467529 0.308789 0.147754
5 0.590381 0.489941 0.14209 0.0826172
7 0.72417 0.342383 0.39209 0.187695
0 0.35835 0.794238 0.108887 0.0855469
0 0.812305 0.792578 0.0484375 0.0595703
0 0.864795 0.642676 0.077832 0.0412109
0 0.978857 0.695947 0.0416992 0.0750977
7 0.649414 0.676709 0.603711 0.397559
5 0.132715 0.420752 0.136914 0.0813477
5 0.528125 0.564844 0.0568359 0.025
0 0.448682 0.568848 0.112402 0.028125
