1 0.102148 0.577734 0.204297 0.183594
1 0.096582 0.536035 0.157422 0.0830078
1 0.183887 0.471045 0.0408203 0.0635742
1 0.0842773 0.488867 0.168555 0.179883
1 0.176758 0.414258 0.0712891 0.0970703
1 0.153125 0.392871 0.30625 0.162109
1 0.156592 0.362549 0.313184 0.174121
1 0.607959 0.334961 0.0723633 0.0724609
1 0.613477 0.29292 0.0388672 0.0389648
1 0.580908 0.315625 0.0354492 0.034375
1 0.607617 0.29165 0.0408203 0.0323242
1 0.582568 0.29668 0.0422852 0.0246094
1 0.588135 0.26001 0.093457 0.0899414
1 0.466016 0.225146 0.0900391 0.107715
1 0.558398 0.196338 0.123242 0.136035
1 0.547656 0.0937988 0.144336 0.187598
1 0.528906 0.0181641 0.112305 0.0363281
1 0.039209 0.326367 0.078418 0.149219
1 0.0189941 0.204346 0.0379883 0.144043
1 0.239453 0.186133 0.478906 0.372266
7 0.403027 0.409912 0.195703 0.379395
7 0.512305 0.365869 0.142383 0.25459
7 0.859326 0.55166 0.216113 0.409766
9 0.893848 0.385205 0.116797 0.072168
0 0.896289 0.417236 0.0730469 0.030957
7 0.557227 0.524512 0.187109 0.368555
7 0.274609 0.479785 0.175 0.336523
7 0.37832 0.256982 0.0994141 0.0838867
7 0.504834 0.258057 0.0354492 0.037793
0 0.0569336 0.609424 0.113867 0.0733398
1 0.0949219 0.428271 0.0841797 0.0512695
