1 0.483643 0.5021 0.967285 0.99502
1 0.760889 0.247021 0.300098 0.285059
1 0.549121 0.705664 0.151758 0.0291016
1 0.287598 0.705469 0.441211 0.143164
1 0.626807 0.288721 0.39209 0.264551
1 0.600732 0.330811 0.381934 0.25166
1 0.1771 0.498828 0.0674805 0.141211
1 0.290869 0.34375 0.33877 0.372656
1 0.465967 0.592432 0.858105 0.347559
1 0.381055 0.545752 0.58457 0.352832
1 0.763379 0.871826 0.15625 0.0836914
1 0.63877 0.817285 0.17832 0.153125
1 0.314941 0.796973 0.508398 0.126953
1 0.202246 0.56748 0.160938 0.201758
1 0.613379 0.734619 0.28125 0.0842773
