7 0.708838 0.25166 0.156738 0.32207
7 0.809766 0.342578 0.148828 0.162695
7 0.875635 0.491357 0.233887 0.220215
7 0.387109 0.238867 0.174609 0.155078
7 0.553418 0.363037 0.105859 0.191113
7 0.283691 0.400439 0.161719 0.348535
1 0.46084 0.412207 0.217773 0.356836
7 0.681885 0.523535 0.239355 0.419336
7 0.38501 0.66167 0.318652 0.398145
2 0.2979 0.581982 0.0694336 0.0833008
5 0.336035 0.61377 0.102148 0.130273
5 0.335742 0.669336 0.101953 0.0925781
5 0.367432 0.749902 0.0875977 0.12207
5 0.366162 0.682813 0.145605 0.152734
7 0.135937 0.332813 0.174609 0.189453
1 0.387793 0.228369 0.107422 0.0836914
2 0.361816 0.287744 0.0332031 0.0469727
7 0.588916 0.377637 0.0463867 0.126953
5 0.39126 0.284717 0.0473633 0.0536133
