5 0.385059 0.125879 0.182227 0.123242
5 0.378955 0.190088 0.177246 0.0463867
5 0.342383 0.234814 0.268164 0.0704102
5 0.370361 0.294336 0.228223 0.0837891
5 0.406104 0.310742 0.197754 0.0699219
5 0.568018 0.561963 0.0288086 0.0381836
5 0.562842 0.527295 0.0264648 0.0391602
5 0.555566 0.491406 0.0277344 0.0404297
5 0.545508 0.454883 0.0347656 0.0421875
5 0.539404 0.40459 0.0331055 0.0681641
5 0.388574 0.366553 0.30625 0.0897461
1 0.74624 0.320361 0.184863 0.0518555
7 0.809863 0.430029 0.306836 0.260449
5 0.566016 0.613721 0.0214844 0.0399414
5 0.398486 0.602881 0.337988 0.120996
5 0.441504 0.84209 0.404102 0.171875
5 0.420361 0.743799 0.408105 0.228223
5 0.384424 0.561426 0.346191 0.13418
5 0.367529 0.50957 0.354199 0.139648
5 0.351807 0.449561 0.362402 0.150098
