6 0.361865 0.330957 0.133887 0.185156
7 0.831006 0.61709 0.270605 0.522461
0 0.339014 0.395508 0.0620117 0.0291016
7 0.680078 0.480029 0.0212891 0.0360352
7 0.678711 0.522461 0.0607422 0.107813
7 0.708936 0.63457 0.0463867 0.214258
7 0.49917 0.530713 0.0583008 0.13291
7 0.599951 0.457031 0.198926 0.268555
1 0.20459 0.438721 0.213281 0.0579102
0 0.325537 0.4354 0.062207 0.0493164
1 0.207861 0.410889 0.205371 0.090918
7 0.296289 0.602246 0.202148 0.335352
1 0.206445 0.40625 0.183789 0.0949219
7 0.449072 0.644238 0.115332 0.236133
1 0.194971 0.37666 0.178613 0.126953
7 0.536572 0.678271 0.0686523 0.235449
1 0.169873 0.294434 0.171582 0.172266
7 0.481543 0.721094 0.114844 0.295312
7 0.643555 0.71084 0.219727 0.374023
0 0.4 0.388672 0.0570312 0.0267578
