7 0.623682 0.469971 0.277051 0.216309
5 0.781006 0.748389 0.116113 0.0813477
6 0.781641 0.666797 0.152539 0.260937
5 0.681738 0.468945 0.0902344 0.143555
7 0.417578 0.3021 0.245312 0.337598
5 0.596875 0.43584 0.116797 0.102539
7 0.572559 0.485059 0.110352 0.118359
7 0.633594 0.503662 0.0523438 0.0522461
7 0.462061 0.459668 0.130957 0.126367
7 0.418066 0.511035 0.132227 0.178906
7 0.0844727 0.16123 0.078125 0.151172
5 0.319092 0.519678 0.0805664 0.0499023
5 0.315332 0.541992 0.0751953 0.0496094
0 0.753223 0.608154 0.0927734 0.139551
1 0.776953 0.636133 0.0826172 0.0347656
1 0.770557 0.662012 0.0446289 0.0310547
0 0.781641 0.586963 0.0488281 0.0661133
7 0.457422 0.696533 0.167383 0.349512
7 0.316455 0.719873 0.163184 0.336621
7 0.63042 0.716309 0.202832 0.363086
1 0.904297 0.461963 0.0580078 0.350488
5 0.456445 0.261279 0.0890625 0.137598
5 0.429834 0.378418 0.205371 0.143164
