1 0.540527 0.502832 0.0816406 0.108789
1 0.613477 0.498828 0.0726563 0.117383
1 0.662598 0.476807 0.0810547 0.0489258
6 0.955322 0.656396 0.0887695 0.279785
6 0.858301 0.706982 0.283008 0.396191
6 0.712402 0.725732 0.258203 0.469238
6 0.601562 0.74209 0.143555 0.376367
6 0.271338 0.733838 0.542676 0.531738
0 0.55542 0.963916 0.0592773 0.0713867
6 0.911377 0.474023 0.176855 0.125977
0 0.75835 0.470557 0.175879 0.165332
6 0.802637 0.487451 0.216797 0.13291
6 0.71709 0.290381 0.280469 0.396191
6 0.521582 0.286426 0.161719 0.453711
6 0.372607 0.270996 0.18623 0.485156
6 0.169922 0.263867 0.249023 0.469531
6 0.064502 0.263867 0.129004 0.527734
0 0.203076 0.037793 0.18252 0.0320312
0 0.631348 0.11123 0.0681641 0.0234375
0 0.605127 0.481689 0.0758789 0.0102539
0 0.738477 0.534424 0.346484 0.0536133
