5 0.993506 0.468896 0.0124023 0.0297852
5 0.961475 0.32915 0.0766602 0.0413086
6 0.953906 0.352002 0.0917969 0.0499023
7 0.957178 0.665381 0.0850586 0.379004
5 0.947705 0.414209 0.104199 0.0803711
7 0.563965 0.514258 0.119531 0.296289
7 0.429932 0.404932 0.172363 0.241113
7 0.135547 0.595703 0.0488281 0.105469
7 0.151416 0.487939 0.104395 0.174902
7 0.0947754 0.699902 0.104199 0.217969
7 0.253613 0.333838 0.22793 0.229199
7 0.470117 0.713477 0.224414 0.478516
7 0.25625 0.6396 0.235156 0.480176
7 0.778369 0.540332 0.42041 0.633594
7 0.284229 0.49751 0.037207 0.0598633
