0 0.244531 0.229736 0.489063 0.381152
0 0.43584 0.0850586 0.0839844 0.0421875
0 0.395801 0.0934082 0.0734375 0.0508789
0 0.307373 0.0622559 0.0631836 0.0362305
0 0.29668 0.0832031 0.0615234 0.0201172
0 0.327002 0.097168 0.0336914 0.0191406
0 0.289502 0.103516 0.0532227 0.0369141
0 0.256445 0.0533691 0.0796875 0.0620117
0 0.220264 0.0477539 0.0588867 0.0542969
0 0.161084 0.0432617 0.0694336 0.0330078
0 0.0352051 0.0353516 0.0413086 0.0294922
0 0.0292969 0.054834 0.0539063 0.025293
4 0.660596 0.282129 0.135254 0.270117
4 0.585449 0.256836 0.0691406 0.323633
4 0.524121 0.130908 0.06875 0.0401367
4 0.500488 0.278906 0.13457 0.267578
4 0.392383 0.24043 0.0988281 0.316211
4 0.34126 0.182666 0.0833008 0.153027
4 0.327051 0.338916 0.219531 0.361816
4 0.761475 0.380518 0.0665039 0.228223
4 0.579395 0.376465 0.0205078 0.0699219
4 0.666113 0.448584 0.209961 0.490332
4 0.509375 0.487793 0.215234 0.557031
4 0.850391 0.437354 0.298633 0.476465
4 0.340771 0.560107 0.270801 0.614355
0 0.0689941 0.0454102 0.0459961 0.0376953
0 0.119189 0.060791 0.0995117 0.0336914
0 0.199561 0.0699707 0.0446289 0.0481445
0 0.178906 0.0851074 0.0582031 0.0416992
0 0.11875 0.0860352 0.0892578 0.0396484
0 0.241895 0.0952148 0.0830078 0.0476562
0 0.139697 0.647363 0.279395 0.704883
