0 0.881787 0.664795 0.23584 0.669629
7 0.833008 0.270654 0.109375 0.128613
0 0.684131 0.760205 0.381738 0.478809
5 0.704395 0.533105 0.159766 0.388867
1 0.856494 0.414844 0.286426 0.194141
1 0.918506 0.297119 0.162402 0.0756836
1 0.850928 0.304004 0.118066 0.0816406
0 0.470264 0.602686 0.34873 0.571777
4 0.560498 0.499658 0.212793 0.158105
1 0.573877 0.502588 0.0868164 0.141504
7 0.497266 0.699561 0.0505859 0.0512695
1 0.526025 0.631006 0.0739258 0.129004
0 0.509668 0.870068 0.383398 0.259277
0 0.235254 0.612793 0.470508 0.773828
