7 0.34458 0.417529 0.0905273 0.149121
7 0.298633 0.543652 0.0595703 0.0992187
7 0.38999 0.305908 0.102441 0.160059
7 0.163916 0.541016 0.0352539 0.0958984
7 0.220508 0.524658 0.139844 0.174316
7 0.188477 0.657617 0.0882813 0.137891
7 0.102197 0.391992 0.140332 0.249023
7 0.0920898 0.642822 0.141602 0.283691
7 0.116211 0.523486 0.0568359 0.0383789
1 0.650537 0.711475 0.166699 0.133301
1 0.594971 0.485303 0.209277 0.162402
1 0.576514 0.475732 0.15498 0.0922852
1 0.581641 0.374512 0.15332 0.144531
1 0.651465 0.628125 0.176367 0.25957
1 0.776709 0.640674 0.158496 0.337598
1 0.85625 0.614746 0.24082 0.258594
1 0.777148 0.889404 0.106445 0.150488
1 0.445654 0.683984 0.0446289 0.0796875
1 0.329199 0.672266 0.146094 0.17793
1 0.377246 0.630127 0.160742 0.090918
1 0.42085 0.663135 0.0584961 0.0618164
1 0.373047 0.573242 0.0486328 0.0697266
1 0.334082 0.505322 0.0332031 0.201074
1 0.35166 0.504639 0.117578 0.115723
1 0.412354 0.580859 0.0821289 0.0710937
1 0.293604 0.721387 0.100684 0.141211
7 0.436377 0.444775 0.159473 0.293652
4 0.448877 0.310693 0.0262695 0.0750977
5 0.469141 0.323584 0.0384766 0.0665039
7 0.232178 0.355811 0.166699 0.250684
1 0.605664 0.472998 0.106641 0.0842773
