7 0.571387 0.500879 0.125 0.19082
1 0.752881 0.50498 0.35791 0.241406
1 0.555225 0.763574 0.88916 0.435156
0 0.979492 0.58833 0.0404297 0.0760742
9 0.579053 0.758789 0.400098 0.331641
1 0.281152 0.594678 0.201172 0.250293
7 0.319043 0.688184 0.263672 0.405469
0 0.670361 0.833691 0.658691 0.332031
0 0.845117 0.707715 0.113867 0.198437
1 0.905713 0.791064 0.187988 0.233496
6 0.62998 0.641699 0.405273 0.317773
0 0.279395 0.610889 0.146094 0.221191
0 0.250342 0.510107 0.152051 0.161035
1 0.43125 0.493213 0.276758 0.400488
