1 0.618408 0.182178 0.138184 0.0456055
1 0.621436 0.286719 0.122754 0.212305
7 0.843408 0.710938 0.285449 0.327344
7 0.814893 0.275342 0.369824 0.50498
7 0.506934 0.314648 0.176563 0.346875
7 0.651416 0.58584 0.252246 0.397852
1 0.281006 0.633057 0.562012 0.733105
3 0.36626 0.613281 0.0704102 0.0816406
2 0.384131 0.834668 0.068457 0.0720703
3 0.434668 0.788086 0.0458984 0.0886719
0 0.430176 0.766992 0.0498047 0.0763672
1 0.277441 0.715967 0.313281 0.281738
5 0.450293 0.266846 0.0716797 0.245996
5 0.473633 0.217627 0.0652344 0.199121
5 0.534863 0.268359 0.0597656 0.110742
5 0.529883 0.211035 0.0761719 0.111133
7 0.887109 0.833691 0.225195 0.332031
7 0.938525 0.461035 0.122559 0.30957
0 0.39043 0.67373 0.0798828 0.0539063
