5 0.36709 0.328857 0.0412109 0.116113
5 0.799609 0.950586 0.198437 0.0982422
5 0.237354 0.902246 0.209863 0.194727
5 0.250635 0.528809 0.228418 0.508594
5 0.275977 0.791211 0.0955078 0.237109
0 0.207568 0.786182 0.150293 0.167676
5 0.28208 0.857178 0.0895508 0.139551
5 0.5104 0.835498 0.408691 0.328418
5 0.791211 0.76123 0.417187 0.365039
0 0.864307 0.45835 0.125488 0.587988
5 0.508887 0.949756 0.1875 0.0999023
5 0.626074 0.525635 0.533984 0.604785
5 0.552979 0.573877 0.272559 0.604199
5 0.688574 0.31792 0.622266 0.587598
5 0.318066 0.379443 0.339062 0.758887
