0 0.961426 0.390625 0.0763672 0.0302734
5 0.906104 0.749219 0.187207 0.0570312
9 0.90957 0.681543 0.180273 0.183008
7 0.924219 0.585986 0.150781 0.144629
5 0.880908 0.806152 0.237402 0.0900391
0 0.957373 0.456201 0.084668 0.175879
0 0.510254 0.786475 0.633594 0.209863
1 0.101904 0.32876 0.0913086 0.131738
3 0.122363 0.28252 0.0634766 0.0267578
5 0.0476074 0.263232 0.0952148 0.0454102
0 0.539062 0.289307 0.921289 0.460059
7 0.288672 0.392334 0.327344 0.287207
6 0.41499 0.0422852 0.82998 0.0845703
1 0.0424805 0.303174 0.0849609 0.0776367
7 0.30874 0.383203 0.237793 0.175586
7 0.349707 0.350049 0.13125 0.15498
7 0.197607 0.360254 0.174902 0.193164
7 0.197559 0.286914 0.0902344 0.0689453
7 0.19292 0.514404 0.131934 0.205371
0 0.0806641 0.640674 0.161328 0.691504
9 0.955566 0.72124 0.0367188 0.0803711
0 0.816992 0.656299 0.36543 0.103223
