1 0.901416 0.655615 0.196387 0.202637
1 0.837402 0.86709 0.157031 0.224219
7 0.783545 0.958252 0.0956055 0.0831055
6 0.852832 0.736768 0.0972656 0.0389648
0 0.090625 0.953174 0.18125 0.0932617
7 0.335498 0.928857 0.330371 0.141895
1 0.0780273 0.583496 0.156055 0.191211
7 0.202051 0.792139 0.404102 0.259473
1 0.201855 0.601562 0.129297 0.255664
1 0.677051 0.60874 0.589648 0.689746
1 0.298779 0.680469 0.30459 0.140625
1 0.675 0.769922 0.367773 0.45957
7 0.527295 0.437256 0.078418 0.0897461
1 0.35835 0.502588 0.462012 0.426855
1 0.393213 0.494189 0.291699 0.158496
7 0.461816 0.489063 0.0419922 0.0589844
1 0.379639 0.511914 0.19248 0.115039
7 0.361719 0.506738 0.138867 0.0798828
1 0.372705 0.537109 0.110449 0.0587891
0 0.376172 0.547949 0.0777344 0.0339844
0 0.502637 0.339648 0.105859 0.0642578
7 0.913379 0.902734 0.172656 0.193945
1 0.867578 0.834668 0.0505859 0.0542969
1 0.378955 0.552051 0.050293 0.0203125
1 0.62793 0.828467 0.335938 0.34248
0 0.498877 0.810889 0.0956055 0.180762
