7 0.601855 0.360693 0.43457 0.312207
0 0.477539 0.841309 0.133594 0.192969
0 0.523779 0.617188 0.0999023 0.0478516
7 0.407031 0.523779 0.171289 0.205371
7 0.658936 0.463525 0.0374023 0.015332
5 0.611914 0.37002 0.301953 0.224219
7 0.690039 0.292773 0.252344 0.140625
7 0.702734 0.498193 0.0992187 0.120801
5 0.591309 0.53125 0.285742 0.139844
0 0.41001 0.513867 0.0694336 0.0669922
5 0.403564 0.680664 0.161035 0.148047
5 0.361572 0.840527 0.154395 0.185547
5 0.47832 0.968652 0.0472656 0.0191406
1 0.964404 0.854883 0.0704102 0.250977
7 0.37666 0.826416 0.0648438 0.106152
