0 0.101953 0.395605 0.0541016 0.0320312
0 0.338867 0.364795 0.0994141 0.050293
1 0.216162 0.377148 0.277051 0.255664
1 0.370703 0.588428 0.20957 0.238379
1 0.36958 0.511914 0.150293 0.172656
1 0.269482 0.518652 0.0686523 0.0763672
1 0.251611 0.476514 0.0805664 0.144824
0 0.247363 0.573975 0.0414062 0.0493164
7 0.142871 0.571729 0.18457 0.291699
5 0.77168 0.156055 0.0607422 0.0939453
7 0.68667 0.544629 0.229395 0.373633
1 0.329297 0.431738 0.0589844 0.0644531
1 0.393262 0.412061 0.0964844 0.040332
1 0.362207 0.606006 0.0642578 0.0651367
1 0.415283 0.51665 0.0563477 0.0995117
7 0.498926 0.572119 0.132227 0.195801
5 0.515283 0.51499 0.0325195 0.0413086
0 0.491309 0.493408 0.0332031 0.0422852
7 0.463135 0.503125 0.0270508 0.0367188
7 0.489795 0.629785 0.12998 0.144531
6 0.289502 0.683398 0.255176 0.201367
7 0.500391 0.793604 0.228906 0.252637
0 0.210059 0.479834 0.09375 0.0999023
0 0.183789 0.301367 0.0203125 0.096875
