1 0.593848 0.328955 0.0363281 0.14209
1 0.231348 0.424072 0.0763672 0.0887695
1 0.314648 0.506543 0.155078 0.27207
1 0.415967 0.445703 0.334668 0.194922
1 0.563477 0.333447 0.0886719 0.179785
1 0.569775 0.316162 0.0899414 0.19541
1 0.540869 0.286621 0.0889648 0.0880859
1 0.530273 0.284082 0.0644531 0.0791016
1 0.510205 0.280957 0.0918945 0.0818359
1 0.421631 0.297949 0.112402 0.110352
1 0.454395 0.273877 0.0443359 0.0288086
1 0.415723 0.25083 0.0529297 0.0374023
1 0.271338 0.44917 0.135254 0.16123
1 0.443604 0.345459 0.277441 0.205371
6 0.585986 0.730566 0.417285 0.315234
6 0.593066 0.573193 0.43418 0.305566
7 0.0352051 0.919678 0.0704102 0.160254
