1 0.512646 0.837012 0.0381836 0.0615234
7 0.906299 0.39502 0.187012 0.228516
1 0.628076 0.547314 0.406543 0.345215
7 0.910693 0.541553 0.178027 0.275488
7 0.980322 0.730322 0.0389648 0.145801
7 0.75459 0.579883 0.0771484 0.0552734
1 0.898438 0.74707 0.150586 0.241406
7 0.843896 0.652979 0.0389648 0.0459961
1 0.680078 0.798242 0.296094 0.251953
7 0.684766 0.712012 0.28418 0.268555
1 0.172021 0.678174 0.252246 0.225488
1 0.37876 0.676367 0.209863 0.250977
1 0.435107 0.662842 0.0666992 0.164355
1 0.417969 0.601465 0.0185547 0.0601563
7 0.358789 0.633545 0.0707031 0.0694336
2 0.107031 0.37666 0.132227 0.0615234
1 0.118311 0.425391 0.174121 0.132617
1 0.130322 0.483496 0.250293 0.241406
6 0.324658 0.524658 0.221191 0.265527
1 0.431445 0.586963 0.0185547 0.096582
1 0.406104 0.606836 0.00966797 0.0515625
0 0.457959 0.6229 0.0364258 0.0288086
6 0.634766 0.545117 0.174805 0.108789
7 0.889893 0.684375 0.100684 0.110156
7 0.896094 0.451758 0.103711 0.0972656
7 0.876807 0.680078 0.0557617 0.0591797
2 0.393848 0.632812 0.0193359 0.0710937
