7 0.384326 0.439844 0.291895 0.316797
1 0.470996 0.583301 0.298633 0.311523
5 0.578516 0.345264 0.0578125 0.0879883
2 0.466309 0.746875 0.0625 0.110156
7 0.703369 0.419678 0.229199 0.334668
0 0.58877 0.407568 0.0595703 0.0499023
1 0.0935059 0.349268 0.187012 0.390918
1 0.219971 0.512256 0.0868164 0.129004
1 0.266016 0.325391 0.046875 0.0363281
1 0.21875 0.418311 0.4375 0.396777
5 0.405908 0.373486 0.161426 0.135254
5 0.448779 0.382715 0.171387 0.163672
5 0.333496 0.482764 0.11582 0.0985352
5 0.420264 0.506738 0.178809 0.114062
7 0.514697 0.459473 0.165723 0.124023
3 0.50376 0.432227 0.113574 0.126367
3 0.551123 0.442822 0.0803711 0.105176
5 0.919189 0.683496 0.0942383 0.257227
7 0.783154 0.69873 0.250293 0.349219
7 0.757422 0.779639 0.213281 0.188184
7 0.586182 0.6521 0.0583008 0.0555664
7 0.0950684 0.448096 0.147559 0.149512
