5 0.0505859 0.882227 0.101172 0.234766
1 0.297217 0.850391 0.072168 0.103516
1 0.314746 0.800244 0.0396484 0.040332
1 0.304346 0.697754 0.0868164 0.243359
1 0.333984 0.697217 0.0439453 0.090918
1 0.335938 0.507129 0.311719 0.324414
1 0.222119 0.714453 0.180762 0.377344
7 0.180078 0.925879 0.19043 0.147461
7 0.124512 0.898975 0.0654297 0.0803711
7 0.49873 0.906201 0.182031 0.186816
1 0.6875 0.174902 0.118555 0.113086
1 0.664209 0.184473 0.125488 0.0925781
1 0.7229 0.358936 0.0897461 0.260254
1 0.713428 0.469189 0.0206055 0.0422852
1 0.778906 0.309668 0.0369141 0.122656
1 0.748779 0.403223 0.0446289 0.172266
1 0.855811 0.514893 0.141113 0.214941
1 0.775146 0.395801 0.0592773 0.161328
1 0.782568 0.410547 0.0547852 0.143164
1 0.786963 0.44292 0.0436523 0.114746
1 0.8104 0.431836 0.0325195 0.0482422
1 0.804297 0.45249 0.0441406 0.0704102
1 0.813623 0.462842 0.0702148 0.0836914
1 0.819824 0.474365 0.0423828 0.0665039
1 0.831006 0.50293 0.0389648 0.0892578
1 0.847119 0.515332 0.0702148 0.114062
1 0.904639 0.563135 0.0831055 0.150098
1 0.897559 0.548242 0.0818359 0.166016
1 0.909521 0.513916 0.0243164 0.074707
1 0.889111 0.547266 0.046582 0.116406
1 0.884473 0.526904 0.0625 0.128613
1 0.883594 0.510205 0.0716797 0.144824
1 0.858398 0.536865 0.0421875 0.078418
1 0.856201 0.529102 0.0352539 0.0681641
1 0.410986 0.221387 0.16123 0.11543
1 0.47876 0.219141 0.26416 0.202734
1 0.550244 0.385449 0.320215 0.375977
1 0.535986 0.325928 0.249512 0.239746
1 0.467432 0.349023 0.0344727 0.0816406
1 0.751416 0.48501 0.0454102 0.0288086
1 0.785449 0.6396 0.181055 0.305566
1 0.766357 0.712646 0.0868164 0.141504
9 0.794238 0.655615 0.114844 0.145215
1 0.596436 0.798779 0.306543 0.246387
1 0.674609 0.708691 0.333789 0.238086
1 0.675 0.671631 0.302344 0.247363
1 0.488623 0.685498 0.350684 0.312793
1 0.269824 0.343311 0.270313 0.324121
0 0.658984 0.530566 0.229687 0.0744141
6 0.259277 0.631055 0.0736328 0.13125
1 0.22002 0.625488 0.0486328 0.117383
6 0.217139 0.651416 0.0389648 0.062793
1 0.187158 0.617432 0.0325195 0.122363
7 0.182227 0.611279 0.0439453 0.145215
7 0.37373 0.907275 0.274805 0.184863
