8 0.643701 0.222119 0.512207 0.28252
8 0.971582 0.964746 0.05625 0.0699219
8 0.865039 0.810107 0.269141 0.0989258
5 0.0836426 0.890625 0.167285 0.152734
8 0.241895 0.966553 0.100195 0.0665039
8 0.547607 0.76665 0.237402 0.228223
8 0.354443 0.786035 0.391504 0.341992
8 0.216113 0.494824 0.385937 0.357617
8 0.391357 0.503613 0.0459961 0.0339844
8 0.907275 0.565186 0.184863 0.0768555
8 0.704004 0.576709 0.270508 0.165723
8 0.864258 0.704053 0.0810547 0.0520508
8 0.74917 0.894629 0.210645 0.175586
8 0.850732 0.763232 0.297949 0.108887
8 0.554541 0.41123 0.49209 0.283203
8 0.638916 0.788525 0.240723 0.229395
8 0.666846 0.939941 0.108105 0.119531
8 0.73335 0.943359 0.203418 0.112891
8 0.916357 0.886328 0.166699 0.226953
8 0.87876 0.430811 0.19209 0.224707
8 0.875293 0.64585 0.248633 0.116113
