1 0.47998 0.559131 0.959961 0.881152
0 0.897998 0.219629 0.203418 0.300391
1 0.11626 0.114697 0.23252 0.0786133
1 0.516553 0.499854 0.728223 0.999707
1 0.134277 0.0617676 0.268555 0.123535
1 0.625879 0.0731445 0.545312 0.146289
1 0.680566 0.736816 0.159375 0.226172
1 0.687354 0.545898 0.261621 0.470703
1 0.70127 0.520947 0.11875 0.336035
0 0.752832 0.213037 0.148438 0.359668
0 0.698926 0.245654 0.155078 0.365332
0 0.677881 0.302002 0.103809 0.202637
0 0.628125 0.322607 0.0710937 0.207129
1 0.609668 0.301318 0.0539063 0.131934
1 0.593115 0.302686 0.0584961 0.12627
2 0.539893 0.359375 0.164355 0.0605469
2 0.535742 0.355078 0.166016 0.0662109
2 0.510547 0.28584 0.200391 0.149023
1 0.302148 0.649463 0.0810547 0.245801
1 0.029248 0.16084 0.0584961 0.112305
1 0.156738 0.207666 0.148828 0.130176
1 0.142969 0.186523 0.172266 0.0734375
1 0.0466309 0.616406 0.0932617 0.323633
1 0.40459 0.632178 0.166992 0.461816
1 0.47168 0.682764 0.125977 0.224707
1 0.512207 0.675293 0.126953 0.164648
1 0.296484 0.398047 0.0658203 0.574414
1 0.382568 0.300098 0.18584 0.600195
2 0.532373 0.475879 0.281738 0.202344
2 0.541016 0.565234 0.279102 0.194922
1 0.534033 0.219971 0.183887 0.110645
0 0.338428 0.0766602 0.111426 0.0615234
0 0.822314 0.487109 0.153809 0.288672
