1 0.499854 0.499854 0.999707 0.999707
1 0.838428 0.542432 0.164355 0.162207
0 0.879639 0.559766 0.191113 0.131445
1 0.601709 0.654541 0.0922852 0.0739258
1 0.594043 0.776562 0.209961 0.203906
1 0.45415 0.892676 0.12002 0.0746094
1 0.81748 0.341309 0.364453 0.248047
1 0.766357 0.32749 0.30459 0.332129
7 0.787012 0.479834 0.0595703 0.0711914
1 0.719775 0.326025 0.17959 0.128223
2 0.707959 0.559668 0.124316 0.191211
1 0.524951 0.793115 0.200684 0.183496
1 0.40542 0.825098 0.105176 0.0892578
1 0.705322 0.377393 0.264551 0.238379
1 0.502197 0.28208 0.356152 0.266113
1 0.37168 0.558936 0.743359 0.62627
2 0.69624 0.660596 0.106152 0.0418945
