1 0.674951 0.6125 0.332715 0.167383
1 0.783105 0.4771 0.0853516 0.150098
1 0.763037 0.49917 0.0446289 0.106934
1 0.759082 0.490234 0.0234375 0.0533203
1 0.729785 0.344189 0.162695 0.18252
1 0.773242 0.368604 0.0320312 0.0610352
1 0.659521 0.394824 0.222559 0.317969
1 0.67334 0.547705 0.0886719 0.0290039
1 0.659033 0.435254 0.197754 0.210352
1 0.618213 0.437598 0.0756836 0.0919922
1 0.418213 0.405615 0.43291 0.364355
1 0.416699 0.339648 0.207031 0.298828
1 0.374805 0.421045 0.219922 0.215527
1 0.319287 0.424854 0.256934 0.247559
7 0.832129 0.813965 0.334961 0.371484
7 0.289844 0.924951 0.579688 0.149512
