5 0.0124023 0.102197 0.0248047 0.0450195
5 0.00991211 0.0781738 0.0198242 0.0413086
5 0.00498047 0.050293 0.00996094 0.0310547
5 0.0168945 0.0828613 0.0138672 0.0360352
5 0.0166504 0.0568848 0.0297852 0.0350586
5 0.0383301 0.0135742 0.0766602 0.0271484
7 0.091748 0.100537 0.141895 0.201074
5 0.0238281 0.0375 0.0476562 0.0367188
7 0.163672 0.110937 0.123047 0.221875
7 0.166455 0.133984 0.0977539 0.230859
7 0.210107 0.168457 0.0600586 0.252344
7 0.469971 0.139697 0.0729492 0.125293
7 0.221729 0.304541 0.0813477 0.151465
7 0.351025 0.241504 0.249707 0.418945
7 0.597363 0.489893 0.0498047 0.0651367
7 0.465771 0.461768 0.297168 0.614746
2 0.525928 0.46333 0.162988 0.278418
7 0.707227 0.368555 0.213086 0.249023
7 0.834619 0.295166 0.0426758 0.12998
7 0.607666 0.72334 0.312988 0.552539
7 0.978271 0.656445 0.0428711 0.0681641
7 0.805566 0.65166 0.361133 0.630664
1 0.705957 0.450879 0.113867 0.143164
5 0.783496 0.403809 0.0837891 0.164062
1 0.720361 0.481836 0.0483398 0.0443359
5 0.685889 0.500293 0.0428711 0.0396484
6 0.948877 0.840137 0.10166 0.319141
7 0.974121 0.615234 0.0513672 0.102148
7 0.236914 0.171973 0.0412109 0.0667969
5 0.887891 0.891895 0.0589844 0.0773438
