5 0.864062 0.309521 0.271289 0.275098
5 0.776807 0.249707 0.0803711 0.0958984
5 0.799463 0.268311 0.0518555 0.0618164
5 0.901953 0.31001 0.0587891 0.0737305
1 0.711279 0.578857 0.15127 0.181543
1 0.730518 0.569922 0.158496 0.0796875
1 0.731543 0.553369 0.167383 0.0922852
1 0.728125 0.433057 0.158203 0.296582
1 0.41499 0.523584 0.623535 0.712598
0 0.345898 0.573047 0.0652344 0.125
1 0.298438 0.589795 0.14707 0.169629
1 0.321191 0.49624 0.0515625 0.0665039
6 0.251855 0.4375 0.182812 0.181836
3 0.385937 0.530908 0.118555 0.109473
1 0.3125 0.336133 0.0257812 0.0611328
7 0.532764 0.291699 0.417676 0.448437
1 0.347363 0.243701 0.0503906 0.062793
1 0.89165 0.175244 0.168652 0.350488
