7 0.77417 0.70459 0.0588867 0.0193359
7 0.825439 0.706836 0.0317383 0.0486328
7 0.807227 0.667041 0.0291016 0.0538086
7 0.726367 0.671582 0.0419922 0.0341797
1 0.820312 0.665918 0.0347656 0.0341797
7 0.843408 0.688965 0.0374023 0.0396484
6 0.287256 0.765137 0.333691 0.197461
6 0.541992 0.546533 0.12832 0.195215
7 0.289209 0.670166 0.296582 0.12998
7 0.384082 0.592041 0.297266 0.142871
6 0.522314 0.327051 0.17959 0.0697266
7 0.508057 0.390234 0.265527 0.17832
7 0.523877 0.263037 0.216309 0.158496
6 0.378125 0.469238 0.298633 0.170117
7 0.67417 0.578613 0.212012 0.167187
5 0.277393 0.548779 0.062793 0.0573242
5 0.331641 0.57666 0.115039 0.0753906
5 0.388037 0.603467 0.0545898 0.0297852
2 0.407373 0.581592 0.0641602 0.0391602
1 0.450537 0.615527 0.0670898 0.0441406
7 0.581348 0.243262 0.0839844 0.0808594
7 0.471387 0.245508 0.0419922 0.0789062
5 0.500293 0.211182 0.0582031 0.0334961
5 0.520166 0.280957 0.0641602 0.0708984
7 0.162988 0.680615 0.0224609 0.0545898
7 0.483936 0.334473 0.0618164 0.0265625
7 0.365039 0.579199 0.0462891 0.0498047
5 0.807031 0.776318 0.0552734 0.0307617
5 0.769727 0.748633 0.12207 0.0414062
5 0.705176 0.721191 0.146484 0.0386719
7 0.713184 0.743164 0.0486328 0.0230469
7 0.658691 0.750391 0.12832 0.0359375
7 0.606445 0.716943 0.0720703 0.0637695
1 0.728027 0.774365 0.0849609 0.0223633
1 0.778564 0.631055 0.0598633 0.0275391
7 0.761719 0.659082 0.0896484 0.0826172
1 0.849854 0.677637 0.0250977 0.0421875
2 0.852246 0.728955 0.0271484 0.0436523
1 0.778271 0.615381 0.0532227 0.00947266
