5 0.23623 0.118408 0.233398 0.236816
0 0.598437 0.546143 0.0386719 0.0750977
5 0.781494 0.701074 0.113574 0.0429688
5 0.909619 0.579688 0.102441 0.0515625
0 0.531738 0.0634766 0.172656 0.126953
7 0.542383 0.133398 0.211328 0.242383
7 0.876953 0.256104 0.245508 0.443457
7 0.735156 0.374707 0.338281 0.505273
5 0.439551 0.404395 0.105859 0.258594
7 0.566455 0.231201 0.113574 0.224902
7 0.564746 0.343408 0.176563 0.37334
5 0.239404 0.0418457 0.0870117 0.0836914
1 0.189941 0.045459 0.130469 0.090918
6 0.154883 0.0429688 0.129688 0.0859375
0 0.486865 0.836816 0.222754 0.237109
7 0.447998 0.489404 0.224902 0.480176
5 0.488867 0.458545 0.0357422 0.124707
7 0.208252 0.411426 0.351465 0.68457
1 0.25498 0.048584 0.0525391 0.0727539
5 0.805811 0.81084 0.18252 0.214258
5 0.772803 0.824902 0.0961914 0.135937
5 0.816992 0.621826 0.0927734 0.118066
5 0.815381 0.612061 0.0612305 0.084668
5 0.653467 0.686523 0.12002 0.12832
5 0.666553 0.732812 0.121777 0.164062
5 0.741309 0.648828 0.0808594 0.115039
1 0.406396 0.294971 0.0428711 0.0350586
