1 0.212402 0.488135 0.152539 0.0793945
1 0.228564 0.532275 0.0989258 0.0413086
1 0.354541 0.583203 0.165918 0.286719
7 0.0413086 0.535693 0.0826172 0.341895
7 0.0539551 0.68667 0.0325195 0.190137
1 0.282471 0.639893 0.0500977 0.173926
7 0.163721 0.646777 0.228223 0.464258
7 0.141162 0.511621 0.0610352 0.0443359
1 0.277295 0.481006 0.0327148 0.046582
1 0.356152 0.48501 0.116602 0.0717773
2 0.324756 0.457617 0.0547852 0.0310547
1 0.812158 0.658838 0.338574 0.358105
1 0.542188 0.643555 0.24707 0.291016
7 0.563184 0.450244 0.308008 0.303223
0 0.639795 0.641992 0.021582 0.0744141
1 0.805322 0.563672 0.205371 0.155078
3 0.922363 0.630762 0.0515625 0.108789
1 0.806738 0.62583 0.183008 0.0961914
1 0.697852 0.596875 0.0880859 0.107813
1 0.712012 0.596729 0.0496094 0.0208008
1 0.819971 0.641846 0.180566 0.0985352
