3 0.693408 0.371729 0.0887695 0.0760742
0 0.178418 0.827734 0.0707031 0.0939453
1 0.926318 0.562207 0.146777 0.875
1 0.766992 0.566113 0.279492 0.412695
1 0.830469 0.461328 0.0578125 0.0462891
1 0.605225 0.404053 0.18623 0.249316
0 0.132617 0.783691 0.0642578 0.0482422
7 0.215918 0.44165 0.344531 0.729785
7 0.502344 0.692822 0.29043 0.553613
2 0.609082 0.33833 0.0689453 0.0985352
1 0.756201 0.416455 0.107129 0.104785
1 0.409082 0.249023 0.206641 0.361133
7 0.34375 0.243408 0.0421875 0.0999023
2 0.401025 0.265234 0.0922852 0.119727
5 0.433984 0.222754 0.151758 0.197461
