1 0.961768 0.538232 0.0756836 0.186035
1 0.810547 0.611182 0.243359 0.0676758
1 0.810986 0.544434 0.278809 0.110156
1 0.803076 0.450049 0.308496 0.116309
1 0.965088 0.481152 0.0379883 0.0679687
1 0.944238 0.334082 0.110742 0.226172
1 0.942139 0.371924 0.0436523 0.0786133
1 0.532617 0.444043 0.260937 0.108398
1 0.500635 0.40127 0.225488 0.149805
1 0.226172 0.305762 0.210938 0.108594
1 0.452051 0.276318 0.31875 0.211816
1 0.419678 0.264502 0.19248 0.0583008
1 0.456836 0.280811 0.0816406 0.0233398
0 0.434912 0.277295 0.111816 0.0327148
1 0.417725 0.27666 0.103223 0.0339844
0 0.402295 0.276074 0.12334 0.0347656
1 0.548779 0.752686 0.420996 0.302051
1 0.514697 0.654102 0.386621 0.341992
1 0.199512 0.745654 0.305859 0.12627
6 0.0410156 0.728809 0.0820312 0.228906
1 0.202393 0.55708 0.404785 0.360645
1 0.348096 0.456006 0.0975586 0.289941
1 0.308057 0.409424 0.0870117 0.196387
1 0.294922 0.407373 0.0892578 0.200684
1 0.254346 0.41748 0.111816 0.180273
1 0.190674 0.474902 0.0393555 0.0654297
1 0.196777 0.421777 0.126367 0.170898
1 0.16001 0.388965 0.101855 0.141602
1 0.206836 0.373291 0.0658203 0.0868164
1 0.121973 0.412842 0.138867 0.18877
1 0.107471 0.40083 0.171973 0.21084
1 0.0669434 0.367773 0.133887 0.274805
0 0.39917 0.272168 0.0918945 0.0294922
1 0.78208 0.222607 0.0508789 0.031543
1 0.919678 0.259131 0.0608398 0.0584961
1 0.786523 0.294336 0.367383 0.25293
1 0.765723 0.311523 0.218555 0.0173828
1 0.79873 0.2771 0.204687 0.0805664
