7 0.850342 0.0447754 0.0500977 0.0895508
7 0.895508 0.0439941 0.0558594 0.0879883
5 0.97417 0.14624 0.0415039 0.0760742
1 0.903711 0.165332 0.117969 0.156836
0 0.9604 0.207813 0.0418945 0.0708984
4 0.945508 0.232373 0.0345703 0.0331055
4 0.980762 0.253613 0.0376953 0.210156
5 0.905908 0.193066 0.0500977 0.0900391
1 0.777002 0.351758 0.0407227 0.0388672
0 0.782568 0.326074 0.0481445 0.0248047
1 0.816211 0.28418 0.101367 0.0269531
1 0.810937 0.261377 0.117969 0.049707
1 0.813867 0.238037 0.123047 0.0641602
5 0.932275 0.350146 0.134668 0.248926
7 0.475781 0.440723 0.376953 0.291406
7 0.711914 0.197949 0.120313 0.336914
7 0.725537 0.464795 0.447949 0.46377
5 0.559619 0.462256 0.104395 0.277441
5 0.444336 0.530029 0.129297 0.354004
5 0.248096 0.518164 0.145996 0.350977
7 0.0493164 0.532373 0.0986328 0.228223
4 0.0322266 0.268652 0.0644531 0.276367
5 0.0544922 0.287842 0.0291016 0.228809
