7 0.463574 0.280371 0.0978516 0.10293
5 0.453809 0.275684 0.0353516 0.0275391
1 0.603857 0.325391 0.221582 0.174609
1 0.589795 0.314307 0.207324 0.18623
3 0.335156 0.361133 0.0400391 0.151758
7 0.41416 0.369824 0.196094 0.114062
7 0.543457 0.379346 0.0400391 0.0344727
7 0.461572 0.379834 0.138184 0.0325195
5 0.456641 0.386865 0.101172 0.0327148
5 0.587646 0.365674 0.0952148 0.0686523
7 0.681934 0.5021 0.259961 0.240332
5 0.650146 0.511133 0.040332 0.0277344
0 0.632959 0.449805 0.000683594 0.00078125
2 0.638916 0.47793 0.0450195 0.0550781
5 0.6521 0.553809 0.0456055 0.0595703
7 0.415137 0.544189 0.199414 0.305566
2 0.434424 0.436475 0.0407227 0.0188477
7 0.56958 0.640234 0.172949 0.332617
5 0.515723 0.441309 0.0810547 0.108398
5 0.562158 0.477441 0.0799805 0.0902344
0 0.547803 0.490967 0.118066 0.062793
7 0.72998 0.692187 0.206641 0.251953
7 0.344385 0.676855 0.121387 0.117578
5 0.655078 0.457568 0.0873047 0.0977539
1 0.681201 0.424951 0.0555664 0.0364258
5 0.664307 0.450391 0.0952148 0.0927734
