0 0.74541 0.179785 0.0587891 0.0433594
0 0.223584 0.645947 0.128223 0.354785
1 0.337939 0.643311 0.161426 0.274121
1 0.342139 0.638672 0.132715 0.125977
0 0.571338 0.762598 0.444238 0.474219
1 0.508936 0.638574 0.288184 0.05625
1 0.532959 0.612305 0.28623 0.0400391
0 0.697607 0.360742 0.0530273 0.0667969
1 0.230322 0.37959 0.0895508 0.292969
0 0.704248 0.188477 0.0334961 0.0529297
2 0.690186 0.104834 0.0555664 0.096582
0 0.685254 0.159668 0.0292969 0.0363281
0 0.742139 0.209033 0.0602539 0.0522461
5 0.690039 0.252295 0.0982422 0.0793945
5 0.697461 0.205664 0.0421875 0.0324219
7 0.636572 0.297656 0.0290039 0.0582031
7 0.55166 0.137402 0.249219 0.274805
1 0.477637 0.30708 0.439453 0.368066
1 0.330957 0.304688 0.132227 0.160352
0 0.281299 0.327881 0.0719727 0.0790039
0 0.254736 0.401465 0.0704102 0.0548828
1 0.50249 0.510107 0.456348 0.190137
1 0.544434 0.533252 0.287695 0.164355
1 0.631348 0.49751 0.0578125 0.0856445
1 0.497363 0.398145 0.436719 0.0720703
1 0.35415 0.597363 0.0758789 0.0419922
1 0.503955 0.504102 0.326855 0.208008
