7 0.41333 0.21377 0.0870117 0.211328
7 0.493311 0.0938965 0.0665039 0.165332
7 0.68501 0.442139 0.122559 0.214941
7 0.539795 0.310352 0.23584 0.385937
7 0.662305 0.584375 0.205078 0.355859
7 0.398389 0.322559 0.0612305 0.194141
7 0.36001 0.124316 0.0508789 0.0476562
7 0.394238 0.532227 0.137695 0.264258
7 0.494531 0.653271 0.1875 0.42627
7 0.258936 0.675439 0.193457 0.463965
7 0.269873 0.368115 0.231152 0.574121
7 0.513428 0.0286133 0.0436523 0.0572266
0 0.243115 0.52959 0.0364258 0.028125
0 0.319434 0.524658 0.0292969 0.0512695
