7 0.908887 0.103027 0.153516 0.206055
7 0.819629 0.134424 0.107422 0.0717773
7 0.963867 0.2396 0.0716797 0.167676
7 0.801904 0.262598 0.259473 0.251367
1 0.913037 0.372559 0.0924805 0.141211
7 0.793408 0.565332 0.177051 0.173633
0 0.659082 0.608643 0.0394531 0.0293945
5 0.818359 0.427295 0.127734 0.171973
7 0.663428 0.43335 0.301074 0.362793
1 0.42085 0.159082 0.35166 0.318164
1 0.406738 0.309521 0.180078 0.209668
5 0.206982 0.513525 0.0860352 0.218262
5 0.200488 0.500342 0.078125 0.140918
5 0.204785 0.483447 0.0513672 0.146777
1 0.448389 0.628809 0.517871 0.659766
1 0.610498 0.391699 0.233887 0.173633
1 0.437842 0.40625 0.105371 0.0367188
2 0.288379 0.607764 0.0761719 0.203027
2 0.333789 0.502002 0.0460938 0.163379
1 0.769043 0.814209 0.0644531 0.0827148
5 0.439795 0.316504 0.0374023 0.0304687
