7 0.566602 0.381689 0.186133 0.143848
7 0.478564 0.403174 0.0827148 0.0959961
7 0.582373 0.503223 0.162012 0.201367
1 0.795801 0.590723 0.288672 0.425586
1 0.731152 0.429883 0.144141 0.0746094
1 0.743506 0.436279 0.140527 0.0694336
1 0.766846 0.442041 0.138184 0.0786133
1 0.777783 0.455322 0.096582 0.0629883
1 0.796631 0.460156 0.0760742 0.0552734
1 0.859424 0.451172 0.096582 0.0550781
6 0.172119 0.646045 0.17627 0.262402
6 0.283203 0.479395 0.336328 0.132422
6 0.287549 0.408496 0.30127 0.150781
0 0.175781 0.544287 0.0525391 0.382715
0 0.379346 0.436621 0.015918 0.133203
7 0.299219 0.263525 0.333984 0.234863
1 0.375977 0.678076 0.433203 0.481152
7 0.6354 0.759961 0.284082 0.342773
