3 0.139209 0.489111 0.135645 0.212988
3 0.216113 0.492871 0.130664 0.223242
7 0.2271 0.445312 0.102441 0.11875
3 0.295508 0.521143 0.139648 0.226855
3 0.380322 0.575537 0.150098 0.260254
1 0.513477 0.644971 0.268555 0.431543
1 0.544141 0.572607 0.15332 0.215918
1 0.502051 0.664648 0.104883 0.174609
1 0.683105 0.311328 0.167383 0.110742
7 0.63208 0.362598 0.18877 0.242383
7 0.795996 0.389062 0.210547 0.170313
7 0.376709 0.508105 0.149316 0.112109
7 0.293018 0.474854 0.12627 0.148145
7 0.135645 0.419678 0.118555 0.0760742
