1 0.198389 0.888916 0.197949 0.221582
1 0.332666 0.688281 0.31123 0.221875
1 0.261328 0.613428 0.420898 0.291699
1 0.624268 0.734277 0.248535 0.317773
1 0.602686 0.638867 0.245996 0.231445
1 0.661475 0.690771 0.119043 0.0899414
1 0.701123 0.677734 0.0262695 0.0572266
1 0.580615 0.670654 0.0436523 0.0522461
1 0.608105 0.682031 0.0248047 0.0505859
7 0.951221 0.0787598 0.0969727 0.105176
1 0.954834 0.165283 0.0897461 0.12959
1 0.848535 0.144336 0.141602 0.244336
1 0.895703 0.12749 0.0185547 0.0512695
1 0.864355 0.13457 0.0292969 0.0720703
1 0.854004 0.145508 0.0304687 0.0773438
1 0.815869 0.145947 0.0180664 0.0942383
1 0.795752 0.124707 0.0344727 0.133594
1 0.82041 0.12627 0.0396484 0.123633
7 0.925928 0.269043 0.147559 0.225195
7 0.845703 0.307568 0.132422 0.115723
1 0.877148 0.549219 0.245312 0.368359
1 0.764893 0.423291 0.077832 0.263184
1 0.814648 0.454346 0.10293 0.214941
1 0.911475 0.4521 0.147363 0.24209
7 0.598975 0.445459 0.336816 0.329395
1 0.348975 0.317432 0.33877 0.392871
