7 0.955469 0.740186 0.0882813 0.159277
2 0.825586 0.692871 0.0898438 0.0830078
1 0.443213 0.628809 0.0776367 0.0511719
2 0.301074 0.402734 0.053125 0.0205078
2 0.364746 0.390576 0.0539063 0.043457
2 0.406689 0.533398 0.0297852 0.0765625
2 0.392578 0.413916 0.0621094 0.0374023
2 0.403613 0.463135 0.0400391 0.0665039
2 0.411377 0.515137 0.0204102 0.0646484
1 0.320459 0.509521 0.16377 0.193652
7 0.877051 0.496875 0.245117 0.291016
1 0.691992 0.494043 0.191211 0.247852
1 0.517725 0.468555 0.194824 0.193945
2 0.691016 0.4125 0.0527344 0.0689453
4 0.707471 0.455127 0.0432617 0.027832
2 0.732471 0.494727 0.046582 0.0544922
2 0.648682 0.406885 0.0555664 0.0637695
7 0.642773 0.450977 0.0707031 0.0544922
2 0.684424 0.487744 0.0821289 0.0729492
