6 0.486279 0.484766 0.779395 0.481445
0 0.433984 0.386621 0.0710937 0.0376953
1 0.619727 0.194189 0.171289 0.167676
1 0.641211 0.163965 0.114453 0.104688
1 0.735937 0.0708008 0.204687 0.141602
0 0.727344 0.0185547 0.0916016 0.0322266
1 0.825586 0.0678223 0.305859 0.135645
0 0.756787 0.0665039 0.078418 0.0615234
1 0.778125 0.175 0.203711 0.155469
1 0.849561 0.119678 0.263184 0.195215
5 0.899023 0.117822 0.0777344 0.0327148
1 0.916016 0.0699219 0.0548828 0.03125
1 0.898828 0.0757324 0.116406 0.0686523
2 0.871973 0.0806152 0.0429688 0.015918
1 0.709668 0.255811 0.132227 0.0969727
1 0.945947 0.245654 0.10752 0.102441
1 0.568652 0.373877 0.114062 0.062793
1 0.626514 0.338428 0.169629 0.0831055
1 0.651904 0.340918 0.14248 0.0503906
1 0.623535 0.299854 0.139844 0.0758789
7 0.814453 0.383545 0.144141 0.062207
