1 0.487598 0.077002 0.124023 0.154004
7 0.931152 0.151904 0.106445 0.0547852
7 0.843457 0.183594 0.0810547 0.0972656
7 0.400635 0.13418 0.17959 0.105664
0 0.479492 0.014502 0.0892578 0.0290039
0 0.511719 0.197021 0.0810547 0.0280273
5 0.500146 0.156641 0.0961914 0.0617188
7 0.118701 0.348828 0.13623 0.0761719
0 0.101221 0.30708 0.0918945 0.0500977
0 0.0603027 0.339795 0.0479492 0.0600586
0 0.0259766 0.336768 0.0519531 0.0575195
1 0.408252 0.300635 0.515527 0.218262
1 0.460938 0.321777 0.335938 0.160938
1 0.480859 0.326758 0.30957 0.144141
1 0.103711 0.424805 0.0367188 0.0654297
1 0.114355 0.425488 0.0482422 0.0607422
1 0.169482 0.394287 0.112793 0.0897461
1 0.142676 0.454883 0.12207 0.0927734
7 0.943652 0.294873 0.112109 0.334863
7 0.813184 0.2479 0.373047 0.233887
1 0.575586 0.450684 0.534766 0.210352
1 0.552197 0.463818 0.646777 0.255957
1 0.21377 0.522705 0.223242 0.24873
1 0.981152 0.429199 0.0304687 0.0498047
1 0.821777 0.367432 0.31543 0.147559
7 0.0990234 0.736523 0.198047 0.526563
7 0.0615723 0.74585 0.12041 0.11084
1 0.345605 0.899121 0.0410156 0.0423828
1 0.55708 0.837012 0.885254 0.325391
1 0.56709 0.738623 0.865039 0.435059
1 0.487598 0.650146 0.975195 0.460059
1 0.725879 0.656201 0.547656 0.407715
7 0.883789 0.0688477 0.231836 0.137695
9 0.955225 0.0241699 0.0889648 0.0483398
1 0.300244 0.671826 0.0780273 0.12002
