5 0.734961 0.187207 0.0671875 0.164062
5 0.597705 0.203076 0.185059 0.17002
5 0.598682 0.322266 0.225684 0.135937
5 0.508789 0.580664 0.232422 0.208984
5 0.782471 0.527832 0.259473 0.242773
5 0.814453 0.652148 0.212305 0.18457
5 0.668408 0.366553 0.240527 0.171582
1 0.571533 0.677881 0.379199 0.471582
5 0.268945 0.823096 0.245312 0.353223
5 0.442871 0.417822 0.0568359 0.19209
1 0.556689 0.731689 0.040918 0.0374023
5 0.35166 0.473047 0.137891 0.293945
5 0.545801 0.655566 0.238867 0.18418
5 0.527051 0.765723 0.115039 0.139844
7 0.597607 0.591895 0.062207 0.0787109
