1 0.32749 0.7854 0.230371 0.332715
1 0.719336 0.498877 0.229883 0.42959
1 0.618799 0.365576 0.0178711 0.0393555
1 0.654492 0.27251 0.0644531 0.0799805
1 0.678711 0.294775 0.0726563 0.0584961
1 0.690967 0.326221 0.0887695 0.0995117
1 0.72207 0.315137 0.0369141 0.102539
1 0.74585 0.331982 0.0364258 0.0866211
1 0.526611 0.635449 0.324121 0.519531
1 0.664307 0.569287 0.0180664 0.0374023
1 0.661182 0.536182 0.0188477 0.0499023
1 0.524414 0.510352 0.273047 0.348828
1 0.662939 0.590967 0.0188477 0.0536133
1 0.610449 0.621387 0.103906 0.132227
1 0.552734 0.674756 0.0111328 0.0407227
1 0.532715 0.683984 0.0396484 0.0439453
0 0.679834 0.34126 0.0297852 0.062207
1 0.627148 0.329053 0.0394531 0.0450195
2 0.654199 0.357959 0.0773438 0.0790039
5 0.148828 0.636084 0.158203 0.49834
5 0.710205 0.379297 0.0428711 0.0304687
