7 0.452881 0.481934 0.51748 0.963867
0 0.477002 0.447998 0.022168 0.0334961
0 0.535596 0.458398 0.0426758 0.0595703
1 0.479297 0.528027 0.155078 0.117773
1 0.499219 0.458105 0.0916016 0.105859
2 0.46333 0.349902 0.156738 0.148633
2 0.352539 0.33667 0.0753906 0.0604492
5 0.358301 0.278662 0.112109 0.146387
0 0.348828 0.230615 0.0224609 0.0538086
5 0.350537 0.37832 0.0713867 0.118164
0 0.372656 0.385107 0.0310547 0.0454102
0 0.453418 0.469531 0.140234 0.0599609
1 0.461963 0.563281 0.0674805 0.111523
0 0.565332 0.487402 0.0228516 0.0585938
0 0.547949 0.506641 0.0396484 0.0546875
0 0.428418 0.433008 0.0605469 0.0396484
