6 0.0623047 0.656836 0.096875 0.120313
6 0.0610352 0.559766 0.096875 0.130469
6 0.0416504 0.793652 0.0833008 0.154297
6 0.0358887 0.709326 0.0717773 0.139355
6 0.225391 0.806201 0.351562 0.223926
6 0.00976562 0.598096 0.0195312 0.102441
6 0.0439941 0.498975 0.0879883 0.110645
7 0.0385254 0.475195 0.0770508 0.0505859
7 0.0512695 0.426074 0.102539 0.12207
7 0.0641602 0.229248 0.12832 0.131152
7 0.054541 0.342627 0.109082 0.121777
6 0.25625 0.655762 0.298242 0.229687
6 0.251611 0.509424 0.293652 0.21084
6 0.256104 0.387744 0.30791 0.119824
6 0.131738 0.25293 0.0830078 0.0451172
6 0.253613 0.310791 0.306836 0.113574
6 0.28916 0.245947 0.331641 0.0766602
6 0.271143 0.198486 0.336621 0.0870117
6 0.298486 0.117529 0.35752 0.180566
7 0.832031 0.769922 0.335352 0.45957
7 0.544531 0.879834 0.344922 0.223926
7 0.541943 0.653174 0.350488 0.477441
0 0.0685059 0.598438 0.0588867 0.215234
0 0.288867 0.487109 0.36543 0.772852
0 0.303223 0.0915527 0.342578 0.106152
5 0.777734 0.611475 0.0720703 0.040918
