1 0.530811 0.698389 0.122559 0.0713867
1 0.562402 0.64917 0.159961 0.0899414
1 0.713428 0.515332 0.207129 0.18418
1 0.28335 0.52417 0.566699 0.0999023
1 0.910449 0.521875 0.0828125 0.05625
1 0.860352 0.517578 0.100195 0.0992187
2 0.779443 0.504639 0.0756836 0.101855
5 0.787939 0.450732 0.0749023 0.0541992
1 0.781055 0.49873 0.0744141 0.0886719
1 0.633301 0.385107 0.197656 0.100879
1 0.586719 0.456982 0.0478516 0.0541992
1 0.641406 0.390088 0.119531 0.0479492
1 0.685547 0.423145 0.227148 0.0677734
1 0.682324 0.518213 0.118555 0.137598
1 0.488574 0.629932 0.299609 0.334668
1 0.688135 0.520801 0.100488 0.116406
1 0.462891 0.459326 0.110352 0.0370117
1 0.727148 0.570215 0.130469 0.0558594
1 0.739062 0.655273 0.224219 0.13125
1 0.749951 0.653809 0.171582 0.130273
1 0.118896 0.556104 0.106934 0.150488
1 0.12876 0.630469 0.187012 0.255664
1 0.177832 0.655713 0.0570312 0.0422852
1 0.258936 0.533789 0.375488 0.568164
