5 0.772559 0.391504 0.0863281 0.090625
5 0.672119 0.804395 0.077832 0.209961
5 0.601465 0.897363 0.241602 0.204687
5 0.383594 0.622705 0.387695 0.500684
5 0.596973 0.702734 0.0828125 0.191797
5 0.798486 0.716309 0.402051 0.566797
5 0.637793 0.38291 0.208594 0.31875
5 0.0726563 0.80293 0.145313 0.393555
5 0.191357 0.922314 0.225488 0.154785
5 0.401416 0.918604 0.224902 0.162012
0 0.499414 0.728662 0.320703 0.397168
5 0.210107 0.617725 0.419629 0.691113
5 0.163232 0.230127 0.234668 0.292285
5 0.441602 0.411572 0.434766 0.604199
0 0.499854 0.499854 0.999707 0.999707
