5 0.835107 0.153955 0.329395 0.30791
1 0.655615 0.304395 0.125293 0.147852
1 0.596387 0.366553 0.214062 0.291309
1 0.462549 0.323877 0.11709 0.138574
7 0.281787 0.409375 0.53623 0.796289
5 0.508789 0.480664 0.0810547 0.119336
7 0.604004 0.684375 0.358398 0.550586
7 0.822168 0.450098 0.316992 0.494727
5 0.675342 0.414404 0.0530273 0.0913086
5 0.547168 0.584814 0.0560547 0.078418
5 0.689746 0.719238 0.0808594 0.155469
5 0.574756 0.686963 0.0637695 0.0823242
5 0.625 0.567139 0.0525391 0.109082
0 0.638867 0.574951 0.0654297 0.0307617
5 0.271143 0.385059 0.093457 0.280078
4 0.423975 0.462939 0.0915039 0.105176
5 0.347461 0.644971 0.0753906 0.149121
