7 0.0444824 0.186963 0.0889648 0.125488
7 0.943896 0.953955 0.111426 0.0915039
7 0.166504 0.292822 0.333008 0.238379
7 0.0800293 0.396387 0.160059 0.262109
6 0.2021 0.505322 0.122363 0.190723
0 0.230127 0.474414 0.0674805 0.0580078
6 0.213623 0.43667 0.0674805 0.0538086
7 0.206152 0.342383 0.273438 0.320703
7 0.383936 0.237158 0.111816 0.136426
7 0.478955 0.269971 0.318457 0.205566
7 0.443945 0.513232 0.577734 0.427832
5 0.53457 0.382959 0.0677734 0.087793
7 0.527441 0.759912 0.388867 0.359082
7 0.704541 0.854248 0.0512695 0.290918
1 0.660547 0.702881 0.13125 0.0491211
7 0.765674 0.549512 0.42627 0.333594
7 0.850146 0.739795 0.298926 0.519824
7 0.468701 0.326904 0.125293 0.0401367
2 0.483594 0.363965 0.0849609 0.0552734
7 0.50083 0.40498 0.114746 0.0451172
5 0.517871 0.225439 0.126953 0.105176
5 0.569092 0.279541 0.0608398 0.0446289
