7 0.542578 0.480127 0.170898 0.353809
7 0.371631 0.729443 0.261621 0.234082
1 0.301611 0.469189 0.39834 0.400098
5 0.387061 0.383398 0.0692383 0.100195
5 0.298828 0.516162 0.121484 0.266504
1 0.289307 0.622412 0.0389648 0.0125977
5 0.222412 0.596191 0.0563477 0.06875
0 0.391699 0.440674 0.0919922 0.090918
5 0.387598 0.477246 0.0763672 0.0853516
5 0.269678 0.493555 0.0870117 0.1875
7 0.337402 0.54502 0.129688 0.201758
5 0.431543 0.554248 0.18457 0.293652
5 0.332764 0.352539 0.0950195 0.0615234
5 0.229297 0.483789 0.0890625 0.188477
5 0.272998 0.388916 0.0444336 0.0211914
5 0.300879 0.398682 0.0431641 0.0374023
5 0.247559 0.391895 0.0669922 0.0787109
5 0.219922 0.473828 0.0449219 0.0806641
7 0.471777 0.574023 0.12207 0.188477
7 0.716553 0.490576 0.0317383 0.0618164
5 0.699805 0.536084 0.0230469 0.0780273
5 0.551953 0.578369 0.0488281 0.0708008
2 0.580127 0.38916 0.0897461 0.0892578
