1 0.565234 0.263623 0.617188 0.366309
6 0.485254 0.582324 0.62207 0.432031
1 0.591602 0.256738 0.196484 0.107617
1 0.543115 0.283105 0.0514648 0.040625
1 0.457324 0.263379 0.133984 0.105664
1 0.580029 0.313281 0.168652 0.0957031
0 0.335498 0.469336 0.143262 0.0662109
0 0.672021 0.574609 0.155371 0.0763672
0 0.559082 0.458008 0.0960938 0.0783203
0 0.445898 0.620557 0.122656 0.143457
0 0.424414 0.656104 0.480859 0.18252
0 0.560596 0.766699 0.0483398 0.0369141
0 0.432813 0.691699 0.435156 0.168164
0 0.296875 0.667676 0.0486328 0.0314453
0 0.407861 0.70415 0.0651367 0.0442383
