1 0.767578 0.0819824 0.0257812 0.0575195
7 0.617529 0.116748 0.339746 0.233496
7 0.859668 0.373682 0.180078 0.324121
0 0.93457 0.611084 0.130469 0.206348
7 0.63335 0.585352 0.609863 0.777148
3 0.487695 0.530469 0.164453 0.213672
5 0.443066 0.64917 0.184766 0.334668
5 0.70376 0.386719 0.175879 0.290039
5 0.550195 0.453027 0.224414 0.337305
3 0.695361 0.554541 0.113379 0.153418
5 0.564941 0.696777 0.169141 0.173242
3 0.683643 0.711963 0.0999023 0.209668
6 0.76665 0.595264 0.136426 0.571387
3 0.63418 0.798633 0.130469 0.130273
2 0.878125 0.749658 0.159961 0.175879
7 0.587646 0.852881 0.824121 0.293652
