5 0.728174 0.67251 0.209863 0.165723
5 0.543408 0.809521 0.099707 0.288379
1 0.57417 0.371045 0.447949 0.593262
5 0.778564 0.359131 0.17959 0.328027
5 0.291553 0.541064 0.0741211 0.195801
1 0.381836 0.143896 0.0146484 0.0350586
5 0.422998 0.13042 0.0776367 0.12666
7 0.3521 0.391357 0.238379 0.287402
7 0.410986 0.214893 0.115527 0.120996
7 0.270361 0.143701 0.212793 0.287402
5 0.276904 0.728369 0.181348 0.149121
0 0.107666 0.78623 0.0977539 0.096875
7 0.656885 0.510059 0.0875977 0.11543
2 0.602441 0.551807 0.0873047 0.034082
5 0.479687 0.606494 0.0828125 0.0708008
7 0.60293 0.542139 0.0908203 0.0823242
