1 0.817187 0.504346 0.0476562 0.0612305
1 0.511865 0.795068 0.603809 0.176855
1 0.509229 0.69873 0.755957 0.391602
1 0.525488 0.660596 0.351172 0.108887
1 0.525488 0.631445 0.361133 0.12793
1 0.536426 0.618652 0.381641 0.179297
7 0.24834 0.14751 0.311523 0.282715
1 0.057666 0.0463379 0.0717773 0.0639648
1 0.149121 0.1771 0.227539 0.243066
7 0.505957 0.223926 0.207031 0.250977
1 0.146777 0.306934 0.12168 0.0498047
1 0.430566 0.426562 0.69043 0.460352
3 0.736084 0.407324 0.0713867 0.0404297
0 0.315625 0.602246 0.0644531 0.0433594
0 0.269678 0.73457 0.0426758 0.0396484
7 0.898682 0.304297 0.202051 0.506445
