7 0.798975 0.243555 0.187793 0.24375
0 0.558252 0.46499 0.0401367 0.0450195
7 0.674951 0.380127 0.286426 0.303223
7 0.430078 0.358496 0.239063 0.407422
5 0.209375 0.55293 0.0927734 0.123047
7 0.240137 0.475879 0.129492 0.198437
7 0.231299 0.53042 0.0602539 0.0436523
5 0.234912 0.550635 0.0749023 0.0932617
5 0.191992 0.634277 0.119531 0.0667969
2 0.133447 0.740723 0.0520508 0.0720703
6 0.187891 0.715381 0.0632812 0.0790039
7 0.00708008 0.551562 0.0141602 0.144141
5 0.0432617 0.686133 0.0865234 0.164648
0 0.147412 0.66416 0.0235352 0.0353516
5 0.0904785 0.729004 0.100684 0.151172
6 0.0330078 0.81665 0.0660156 0.104199
7 0.0393066 0.882324 0.0786133 0.0886719
6 0.125537 0.93374 0.0868164 0.131934
6 0.0976074 0.936182 0.195215 0.12041
5 0.137256 0.861768 0.0979492 0.17002
7 0.32124 0.7396 0.349902 0.520215
0 0.482471 0.238281 0.0428711 0.0796875
7 0.441113 0.226221 0.0498047 0.0727539
7 0.0803711 0.503174 0.155273 0.169629
5 0.0950195 0.419629 0.0828125 0.0648438
1 0.0746094 0.755127 0.0654297 0.0790039
