1 0.337061 0.674609 0.341309 0.424609
7 0.549121 0.292285 0.119531 0.138867
1 0.516797 0.221729 0.0632812 0.0254883
7 0.390576 0.259326 0.24502 0.332715
7 0.25498 0.459668 0.0808594 0.173242
5 0.596973 0.267334 0.0357422 0.0379883
5 0.59082 0.292529 0.0228516 0.056543
7 0.524023 0.320264 0.117578 0.157715
6 0.75918 0.294434 0.137891 0.180859
7 0.689209 0.37876 0.119043 0.154395
6 0.740723 0.566309 0.123242 0.24707
5 0.733057 0.869678 0.0647461 0.107129
0 0.544043 0.869678 0.0707031 0.0661133
1 0.250781 0.695264 0.12207 0.0790039
1 0.403955 0.674268 0.0336914 0.0489258
1 0.321924 0.581689 0.261426 0.275098
1 0.322266 0.515869 0.255664 0.271777
1 0.287695 0.589258 0.0902344 0.0429688
1 0.301123 0.495215 0.142871 0.194141
1 0.371533 0.498633 0.0768555 0.234766
1 0.402197 0.500488 0.0786133 0.24375
1 0.414844 0.639551 0.0503906 0.0701172
1 0.410742 0.699268 0.0625 0.0293945
1 0.310303 0.708203 0.0952148 0.0386719
6 0.624902 0.833154 0.182812 0.184863
7 0.527783 0.451758 0.156738 0.195117
6 0.681445 0.705176 0.157031 0.189453
7 0.619336 0.605713 0.262891 0.350879
