1 0.385645 0.336328 0.25 0.424609
1 0.399121 0.573242 0.261133 0.74043
1 0.425684 0.524805 0.205078 0.577344
1 0.436768 0.511279 0.163184 0.482129
1 0.435156 0.51626 0.164453 0.509277
1 0.574512 0.536865 0.262695 0.532715
1 0.620313 0.23208 0.12793 0.100488
1 0.608203 0.303418 0.149023 0.194141
1 0.605566 0.309814 0.146094 0.167285
1 0.589111 0.340918 0.149512 0.118359
1 0.512598 0.39834 0.0654297 0.235742
1 0.526904 0.481104 0.0235352 0.0799805
1 0.544971 0.462598 0.0364258 0.135547
1 0.576514 0.458545 0.0334961 0.150488
1 0.549072 0.509424 0.0188477 0.0413086
1 0.62373 0.475049 0.112109 0.174902
1 0.65083 0.482324 0.0362305 0.117383
1 0.617578 0.506738 0.0589844 0.0935547
1 0.628174 0.430078 0.0694336 0.0605469
2 0.601562 0.47373 0.0488281 0.0519531
