1 0.967725 0.0365234 0.0639648 0.0730469
1 0.94292 0.173828 0.113574 0.0691406
1 0.973437 0.324707 0.0525391 0.0667969
1 0.946631 0.228369 0.106152 0.17959
1 0.774658 0.269141 0.287402 0.260547
1 0.326611 0.284229 0.327832 0.388574
1 0.345752 0.284375 0.233105 0.12168
0 0.352686 0.321973 0.0446289 0.0248047
1 0.282617 0.330859 0.0478516 0.0234375
3 0.285059 0.510254 0.0642578 0.101172
1 0.530225 0.736816 0.50498 0.381641
1 0.509082 0.651025 0.516602 0.595605
1 0.476221 0.611328 0.343262 0.391211
1 0.538281 0.553564 0.254688 0.334668
1 0.448926 0.578027 0.273828 0.301563
7 0.791553 0.709277 0.0206055 0.0429688
