7 0.267188 0.45625 0.489453 0.600781
6 0.271289 0.343506 0.155664 0.0311523
6 0.283252 0.341357 0.0504883 0.0223633
1 0.447266 0.960303 0.334375 0.0791992
6 0.215234 0.38252 0.0662109 0.0724609
1 0.873828 0.925244 0.252148 0.149316
1 0.873389 0.951025 0.0889648 0.0540039
1 0.91377 0.918066 0.172266 0.108203
0 0.849414 0.486914 0.300977 0.575
1 0.923389 0.282812 0.0541992 0.0349609
1 0.962402 0.257422 0.0744141 0.0673828
1 0.969189 0.264062 0.0614258 0.0707031
6 0.304346 0.384375 0.123145 0.0623047
6 0.240039 0.395508 0.0742188 0.0515625
1 0.579346 0.621094 0.218262 0.210742
1 0.573535 0.591895 0.116016 0.0318359
1 0.434912 0.966602 0.224902 0.0667969
