5 0.538477 0.39917 0.0439453 0.0374023
7 0.768018 0.263867 0.333691 0.386914
6 0.639551 0.427148 0.193164 0.224414
0 0.725391 0.501563 0.0724609 0.0607422
7 0.720898 0.457617 0.0654297 0.0679687
7 0.726172 0.425781 0.0787109 0.0525391
7 0.100049 0.584229 0.140527 0.114355
5 0.360742 0.253369 0.0667969 0.0666992
1 0.366113 0.258936 0.0548828 0.0362305
1 0.15127 0.56001 0.112109 0.140332
1 0.218115 0.547949 0.157715 0.155469
7 0.356592 0.599658 0.178223 0.162207
1 0.33252 0.736572 0.0777344 0.113574
7 0.544287 0.746924 0.416699 0.437793
0 0.35498 0.20957 0.00957031 0.0476562
0 0.697217 0.432666 0.068457 0.212012
