6 0.348193 0.426807 0.0336914 0.0833008
1 0.617236 0.212695 0.200098 0.138672
1 0.611279 0.205371 0.128613 0.150781
7 0.449219 0.172998 0.196094 0.136621
0 0.370898 0.152734 0.0386719 0.0496094
6 0.544629 0.376758 0.37832 0.310547
3 0.24375 0.534326 0.222266 0.196191
7 0.522314 0.653662 0.475879 0.401074
7 0.180371 0.793604 0.336328 0.383887
5 0.238916 0.945703 0.125293 0.0589844
5 0.574072 0.397656 0.166699 0.0587891
3 0.332861 0.668164 0.112793 0.0873047
5 0.274316 0.762402 0.139258 0.213281
5 0.203174 0.737842 0.219238 0.270801
5 0.170605 0.861279 0.107813 0.101465
5 0.238721 0.794434 0.0799805 0.0744141
5 0.225195 0.911328 0.0720703 0.0761719
5 0.285596 0.918115 0.0512695 0.037207
5 0.272852 0.892285 0.0515625 0.0458984
2 0.0696289 0.789746 0.112109 0.149023
