1 0.961475 0.500488 0.0766602 0.24707
1 0.811084 0.486719 0.318652 0.351172
1 0.21543 0.433691 0.390625 0.418945
6 0.530273 0.426221 0.257422 0.437793
1 0.895801 0.211865 0.207813 0.290723
3 0.879443 0.154932 0.114551 0.0823242
1 0.97876 0.261621 0.0418945 0.169336
1 0.977637 0.364746 0.0441406 0.134961
0 0.880469 0.414453 0.0873047 0.0439453
7 0.823926 0.328027 0.0515625 0.0171875
0 0.811084 0.426563 0.305762 0.150781
5 0.868848 0.456836 0.136914 0.139258
0 0.924463 0.429443 0.094043 0.100879
0 0.777686 0.472559 0.0250977 0.0310547
0 0.79043 0.431201 0.0763672 0.111816
5 0.88623 0.489062 0.0984375 0.0701172
5 0.823779 0.490527 0.040918 0.0267578
