1 0.132275 0.339209 0.103223 0.0756836
1 0.546094 0.585059 0.907031 0.157227
1 0.530615 0.576074 0.868066 0.164453
1 0.494727 0.572363 0.710352 0.125781
1 0.441455 0.572803 0.206348 0.0428711
1 0.831055 0.5479 0.337305 0.068457
1 0.533936 0.562891 0.205371 0.0394531
1 0.89165 0.527051 0.12334 0.0138672
1 0.749121 0.525 0.500977 0.0828125
1 0.747168 0.519629 0.430273 0.110156
1 0.78623 0.478906 0.333008 0.139844
1 0.485449 0.489941 0.902148 0.151562
1 0.556738 0.446924 0.717969 0.135449
1 0.425098 0.322217 0.0638672 0.0307617
0 0.090918 0.577344 0.181836 0.0634766
