7 0.703857 0.614111 0.404395 0.325879
0 0.47749 0.367383 0.420605 0.304297
7 0.336182 0.594775 0.381934 0.303613
6 0.232617 0.486377 0.0935547 0.0600586
0 0.20918 0.490186 0.0214844 0.040918
0 0.410889 0.422803 0.102832 0.0756836
1 0.507617 0.383252 0.0945312 0.109668
1 0.491211 0.367383 0.101562 0.103906
1 0.449609 0.273389 0.0300781 0.0354492
1 0.342822 0.32041 0.0665039 0.0744141
1 0.330371 0.354687 0.0390625 0.0367188
1 0.348486 0.304053 0.0456055 0.0600586
2 0.487891 0.27085 0.0849609 0.056543
2 0.459814 0.339209 0.145801 0.132715
1 0.367822 0.365918 0.162988 0.188281
7 0.486426 0.718506 0.12832 0.135449
7 0.363574 0.753613 0.149805 0.128711
