7 0.282275 0.300439 0.109473 0.255176
1 0.584668 0.232031 0.406055 0.188281
1 0.592236 0.309424 0.349902 0.141113
1 0.627832 0.4021 0.372656 0.256152
0 0.623877 0.35874 0.337012 0.0647461
1 0.605957 0.481836 0.331641 0.139844
0 0.66665 0.541504 0.0999023 0.0175781
1 0.446875 0.740039 0.614062 0.388867
5 0.454102 0.839307 0.222266 0.0961914
5 0.385449 0.811572 0.192773 0.0805664
0 0.396484 0.827441 0.0363281 0.0433594
0 0.430078 0.753711 0.137891 0.15918
0 0.555566 0.706152 0.134961 0.154297
0 0.462793 0.616064 0.0929688 0.056543
0 0.720117 0.669092 0.0724609 0.21377
