7 0.452734 0.372363 0.147461 0.0865234
7 0.557568 0.481689 0.223535 0.323926
3 0.534229 0.357324 0.0202148 0.0449219
3 0.563965 0.391455 0.0367188 0.0290039
3 0.461035 0.367676 0.0443359 0.0320312
5 0.478223 0.43125 0.0958984 0.0525391
1 0.471094 0.443701 0.0539063 0.0436523
1 0.529639 0.460547 0.0922852 0.0451172
1 0.72915 0.454102 0.288379 0.239063
1 0.662549 0.43125 0.154395 0.170117
5 0.662988 0.440771 0.0701172 0.099707
5 0.693311 0.432324 0.10752 0.0992187
1 0.406104 0.609277 0.308887 0.42832
1 0.276611 0.544678 0.522168 0.467285
7 0.0262695 0.750586 0.0525391 0.046875
0 0.377148 0.708008 0.340234 0.138672
