5 0.515137 0.28501 0.0679687 0.103809
7 0.548828 0.392871 0.0496094 0.130273
1 0.68667 0.578906 0.154004 0.188867
1 0.617676 0.637891 0.120313 0.0648438
1 0.620947 0.533936 0.225488 0.153809
7 0.53252 0.5771 0.0396484 0.0641602
1 0.4875 0.481006 0.0414062 0.0631836
5 0.503857 0.433154 0.0463867 0.109082
5 0.524219 0.354346 0.046875 0.112793
0 0.537158 0.455664 0.0208008 0.292969
1 0.701904 0.395215 0.114551 0.279102
7 0.49541 0.581836 0.0707031 0.216602
1 0.684766 0.517822 0.0625 0.115723
5 0.485449 0.330713 0.0478516 0.0913086
7 0.601221 0.525488 0.12998 0.115039
1 0.651904 0.464648 0.115332 0.0667969
5 0.565088 0.465625 0.0795898 0.0773438
5 0.704004 0.39585 0.0458984 0.103809
1 0.620117 0.355859 0.14707 0.18125
1 0.596338 0.270996 0.105371 0.165039
1 0.588867 0.716797 0.0662109 0.0763672
1 0.628223 0.740234 0.0708984 0.0605469
1 0.657959 0.674756 0.107129 0.0961914
0 0.569189 0.671826 0.10166 0.147168
1 0.504346 0.527637 0.0428711 0.0347656
0 0.506299 0.547998 0.0344727 0.0588867
7 0.342529 0.599609 0.271777 0.463672
7 0.339697 0.408398 0.0454102 0.0568359
1 0.701611 0.300391 0.119043 0.13457
