6 0.585449 0.445312 0.0890625 0.0863281
6 0.523779 0.473584 0.0858398 0.0469727
6 0.451123 0.421924 0.18252 0.122363
6 0.52417 0.383789 0.229395 0.139844
6 0.494678 0.278467 0.291895 0.233496
6 0.519287 0.127783 0.152246 0.219238
6 0.480273 0.148193 0.170898 0.175293
7 0.300732 0.700928 0.37373 0.597559
7 0.653516 0.718945 0.427539 0.561523
5 0.470117 0.830518 0.0349609 0.0665039
5 0.507324 0.905371 0.105859 0.109766
5 0.605371 0.902637 0.183008 0.124023
5 0.536182 0.817969 0.0510742 0.0896484
0 0.534717 0.924463 0.168652 0.0790039
5 0.582812 0.821875 0.0927734 0.148438
5 0.763086 0.814941 0.0763672 0.0935547
5 0.66665 0.804297 0.14834 0.0853516
5 0.648779 0.693115 0.0713867 0.140918
5 0.714941 0.858154 0.0964844 0.0317383
5 0.806396 0.758936 0.0905273 0.139551
5 0.755322 0.681836 0.0875977 0.200391
5 0.492773 0.805371 0.0634766 0.0988281
