5 0.725684 0.226807 0.197461 0.304785
1 0.540332 0.479492 0.37168 0.298828
1 0.433008 0.465527 0.214648 0.0947266
1 0.355469 0.347998 0.160742 0.162207
1 0.521338 0.3729 0.275488 0.20459
7 0.320605 0.736377 0.463281 0.365527
3 0.356201 0.547998 0.0450195 0.0180664
3 0.765527 0.136768 0.0978516 0.0161133
3 0.722412 0.170996 0.100879 0.0220703
3 0.775 0.247168 0.0658203 0.0121094
3 0.764014 0.263525 0.0512695 0.00966797
3 0.747705 0.282373 0.0436523 0.00869141
3 0.729004 0.304297 0.0353516 0.00742187
