7 0.28584 0.404785 0.254297 0.397852
6 0.320898 0.872168 0.141211 0.112891
1 0.52085 0.835156 0.316113 0.161914
5 0.584668 0.770166 0.109766 0.0686523
5 0.796143 0.770215 0.133887 0.104883
4 0.6875 0.689648 0.0515625 0.0330078
2 0.708789 0.771973 0.218555 0.168945
7 0.381396 0.720068 0.477832 0.216504
1 0.527637 0.603662 0.398438 0.230176
6 0.55127 0.331787 0.398828 0.321387
1 0.635938 0.516357 0.164062 0.111621
2 0.53916 0.559814 0.206055 0.11709
5 0.536865 0.556738 0.113379 0.0439453
7 0.528613 0.566016 0.124023 0.0412109
1 0.494238 0.58623 0.180859 0.0707031
1 0.46792 0.607959 0.173926 0.0795898
5 0.512549 0.922998 0.110449 0.0875977
0 0.577686 0.335938 0.11709 0.305273
