1 0.0733398 0.194385 0.0994141 0.104004
1 0.0634766 0.33208 0.126953 0.182715
1 0.169629 0.594727 0.0248047 0.152148
1 0.503906 0.600391 0.0644531 0.0890625
1 0.373633 0.298145 0.502734 0.596289
1 0.0642578 0.563428 0.128516 0.27998
1 0.499805 0.813184 0.999609 0.372656
0 0.448193 0.850928 0.896387 0.23916
0 0.0508301 0.468115 0.10166 0.0936523
0 0.223437 0.0665527 0.0345703 0.0967773
7 0.128271 0.507764 0.0819336 0.329199
5 0.33418 0.475195 0.339258 0.923438
5 0.628174 0.485986 0.209668 0.722559
