7 0.15708 0.472363 0.028418 0.0240234
5 0.68125 0.936426 0.183203 0.113867
7 0.0499512 0.92793 0.0999023 0.143555
7 0.408594 0.958252 0.688867 0.0831055
7 0.220215 0.79375 0.44043 0.411914
7 0.0699219 0.808643 0.139844 0.144629
0 0.543506 0.161084 0.912402 0.322168
7 0.291992 0.221143 0.226172 0.13916
7 0.176611 0.369336 0.353223 0.225195
1 0.197754 0.697607 0.395508 0.494824
0 0.671143 0.539453 0.0750977 0.139844
5 0.510938 0.642236 0.69707 0.613379
2 0.526807 0.4396 0.48877 0.368848
7 0.508594 0.393359 0.344531 0.194922
7 0.587793 0.244678 0.49043 0.489355
