1 0.692432 0.180664 0.186035 0.25625
1 0.695068 0.453711 0.0612305 0.0648438
1 0.749512 0.507959 0.129492 0.13291
1 0.600928 0.364404 0.217285 0.216895
1 0.419629 0.830469 0.262891 0.314453
7 0.456982 0.464111 0.0676758 0.0479492
6 0.353857 0.568164 0.200684 0.239453
6 0.296533 0.382764 0.306348 0.403809
0 0.271973 0.38208 0.132227 0.183496
1 0.59248 0.607275 0.320898 0.356152
1 0.558008 0.502002 0.195898 0.050293
6 0.653711 0.579834 0.0966797 0.100879
1 0.581641 0.520166 0.193945 0.120996
6 0.6146 0.579736 0.0620117 0.062207
1 0.54834 0.587158 0.137891 0.145801
