1 0.869824 0.245654 0.25957 0.12627
7 0.555615 0.596826 0.0999023 0.15752
5 0.984473 0.479102 0.0304687 0.0751953
5 0.948926 0.511865 0.101562 0.140332
5 0.86792 0.461719 0.212012 0.101953
1 0.0239746 0.4771 0.0479492 0.0756836
7 0.170947 0.423877 0.273145 0.341309
7 0.496924 0.320557 0.462012 0.430762
7 0.326611 0.609912 0.424316 0.447949
7 0.779785 0.632764 0.382227 0.429785
5 0.647949 0.486816 0.0710937 0.0505859
7 0.808643 0.514258 0.12002 0.11582
0 0.689941 0.502002 0.0710937 0.0262695
7 0.858838 0.547266 0.0727539 0.0771484
7 0.897705 0.550146 0.034082 0.0729492
