1 0.587158 0.531494 0.625293 0.336816
1 0.317969 0.670215 0.635938 0.461523
1 0.304248 0.667139 0.0827148 0.0500977
1 0.36958 0.670605 0.327051 0.191992
1 0.462354 0.380225 0.478223 0.324902
1 0.467285 0.368945 0.490039 0.336523
1 0.608301 0.248242 0.342969 0.333789
1 0.430566 0.248779 0.406055 0.247559
1 0.731152 0.452979 0.0820312 0.164941
1 0.682178 0.303418 0.290332 0.387109
1 0.800293 0.28877 0.337305 0.305273
1 0.780762 0.218262 0.273828 0.166211
1 0.712695 0.162354 0.43457 0.202637
1 0.640527 0.118555 0.259961 0.118555
1 0.377979 0.188867 0.236816 0.110352
