0 0.100488 0.711182 0.0958984 0.0860352
0 0.111475 0.77334 0.144824 0.149805
1 0.600635 0.513525 0.282715 0.184277
7 0.102832 0.777393 0.0886719 0.138184
2 0.511621 0.582861 0.0681641 0.0510742
5 0.526318 0.611182 0.0717773 0.0483398
1 0.597266 0.376807 0.296289 0.21748
1 0.569238 0.442285 0.189453 0.0919922
7 0.246045 0.690576 0.228223 0.196191
0 0.105957 0.794141 0.0644531 0.0927734
6 0.22373 0.721094 0.163672 0.0964844
0 0.653955 0.534082 0.022168 0.0414062
0 0.653613 0.558008 0.0267578 0.0431641
