7 0.0657227 0.567627 0.131445 0.277441
7 0.229297 0.413232 0.207617 0.411035
7 0.165918 0.64043 0.15332 0.31582
7 0.542432 0.569971 0.33584 0.411035
5 0.316113 0.473926 0.193164 0.126367
5 0.440723 0.510254 0.0644531 0.183203
5 0.383936 0.491211 0.0674805 0.0935547
7 0.8104 0.526123 0.230371 0.199707
5 0.836523 0.240869 0.0357422 0.0174805
5 0.841504 0.255273 0.0347656 0.0271484
5 0.781494 0.356299 0.0381836 0.0665039
5 0.803467 0.292334 0.0592773 0.0918945
7 0.634668 0.311963 0.370508 0.277441
5 0.849463 0.764551 0.196973 0.0978516
5 0.678076 0.537207 0.170605 0.218555
7 0.6771 0.729443 0.183496 0.292285
5 0.595215 0.563477 0.167187 0.259961
5 0.474854 0.361621 0.150098 0.37207
7 0.871484 0.39751 0.256445 0.298926
5 0.905713 0.420752 0.12002 0.0737305
5 0.893848 0.370215 0.121484 0.110156
0 0.989062 0.396338 0.0212891 0.0532227
7 0.3521 0.699561 0.209082 0.359473
