0 0.368018 0.546777 0.247363 0.127734
1 0.381738 0.455469 0.12793 0.0855469
7 0.66123 0.601465 0.125977 0.197461
1 0.416064 0.395996 0.0125977 0.0449219
1 0.387598 0.368164 0.0515625 0.100977
1 0.371533 0.37334 0.0393555 0.0910156
7 0.427393 0.729785 0.100879 0.152539
1 0.600732 0.616553 0.0975586 0.0858398
5 0.520703 0.618604 0.188867 0.0729492
7 0.650146 0.701025 0.0231445 0.0657227
7 0.677783 0.691846 0.0750977 0.105371
7 0.567627 0.741895 0.265527 0.24082
0 0.341943 0.778613 0.062793 0.0449219
7 0.256982 0.731201 0.171973 0.211816
1 0.606348 0.515771 0.0162109 0.0493164
1 0.436475 0.512549 0.108496 0.109863
1 0.44873 0.479395 0.0787109 0.0625
1 0.44248 0.393604 0.0886719 0.150293
1 0.440186 0.325635 0.0813477 0.135449
