7 0.408105 0.506201 0.116406 0.11709
7 0.490771 0.488232 0.0674805 0.0870117
7 0.450537 0.576123 0.169629 0.0961914
7 0.268164 0.42417 0.275781 0.205566
1 0.100684 0.529395 0.159766 0.126758
0 0.0874512 0.576367 0.174902 0.289648
5 0.0740723 0.725732 0.148145 0.11709
1 0.192432 0.689697 0.112402 0.0823242
7 0.283887 0.737646 0.276758 0.142871
0 0.111279 0.695898 0.222559 0.225195
7 0.12085 0.874658 0.241699 0.250293
5 0.235937 0.85874 0.0519531 0.0344727
0 0.307813 0.780713 0.219531 0.108105
6 0.819922 0.691992 0.0367188 0.0679687
0 0.31709 0.707275 0.0615234 0.0325195
0 0.32124 0.754004 0.0532227 0.0689453
3 0.411865 0.755176 0.0598633 0.0441406
5 0.448633 0.798389 0.0896484 0.0336914
5 0.483789 0.710693 0.0886719 0.0657227
7 0.40376 0.644873 0.235449 0.12998
6 0.669629 0.770557 0.289648 0.177051
6 0.66665 0.653223 0.302246 0.189453
1 0.830225 0.618311 0.0426758 0.0932617
6 0.706152 0.60542 0.268164 0.0530273
6 0.689648 0.512061 0.341602 0.190723
6 0.728076 0.400146 0.374707 0.140137
6 0.7396 0.300391 0.354199 0.0615234
6 0.733447 0.200732 0.375684 0.183301
7 0.659619 0.319678 0.290723 0.0842773
7 0.737939 0.754932 0.172949 0.0729492
1 0.91499 0.650586 0.107129 0.0595703
