1 0.212988 0.296436 0.0191406 0.0618164
7 0.203125 0.333496 0.0248047 0.0691406
0 0.170166 0.262891 0.0620117 0.172656
0 0.187842 0.23418 0.0493164 0.0734375
0 0.0977051 0.344385 0.142871 0.111426
1 0.141748 0.409375 0.131738 0.034375
7 0.148877 0.407715 0.0731445 0.0529297
1 0.164941 0.388721 0.0460938 0.046582
0 0.172803 0.324707 0.0217773 0.126953
7 0.260059 0.413672 0.108398 0.202344
7 0.968799 0.304541 0.0620117 0.129004
1 0.950977 0.269287 0.0304687 0.046582
1 0.94624 0.266211 0.0233398 0.0515625
1 0.93877 0.250146 0.0238281 0.0631836
1 0.933105 0.241504 0.0283203 0.0611328
7 0.742334 0.164844 0.116113 0.161719
1 0.799121 0.213428 0.0908203 0.0737305
7 0.674951 0.237305 0.10791 0.0552734
7 0.992969 0.430908 0.0136719 0.125684
7 0.888916 0.277783 0.187988 0.148145
1 0.983789 0.560059 0.0320312 0.132617
7 0.914111 0.391992 0.171387 0.204687
7 0.98125 0.541846 0.0369141 0.149121
7 0.740088 0.32041 0.219238 0.154102
1 0.727441 0.397168 0.12793 0.0892578
7 0.906885 0.515723 0.17334 0.24375
7 0.910889 0.540869 0.0260742 0.174902
7 0.902197 0.599023 0.031543 0.0419922
7 0.594092 0.201514 0.0831055 0.102832
7 0.62041 0.497998 0.0900391 0.111816
7 0.777539 0.511572 0.261914 0.266504
7 0.567627 0.302246 0.272559 0.431836
7 0.513135 0.389844 0.0713867 0.0601563
6 0.530029 0.467871 0.122559 0.109766
7 0.397363 0.364551 0.182031 0.369336
0 0.980078 0.693652 0.0394531 0.0228516
0 0.956494 0.700537 0.0518555 0.0274414
0 0.904492 0.677783 0.0550781 0.0202148
0 0.769287 0.65625 0.0692383 0.028125
