1 0.648438 0.317139 0.0166016 0.0522461
9 0.14917 0.87627 0.29834 0.24668
1 0.218311 0.509229 0.149512 0.224902
1 0.441504 0.22666 0.0669922 0.0982422
7 0.0536621 0.202881 0.0428711 0.0579102
7 0.266016 0.0512695 0.0900391 0.102539
7 0.173242 0.25625 0.117773 0.162695
1 0.3854 0.384766 0.0262695 0.0314453
7 0.218945 0.298145 0.183984 0.235156
1 0.319043 0.408008 0.130664 0.0978516
1 0.394385 0.416016 0.0629883 0.0972656
1 0.339014 0.296973 0.170605 0.188477
1 0.562305 0.525928 0.161719 0.25166
1 0.542871 0.486719 0.114062 0.132227
1 0.534863 0.307422 0.217969 0.228516
0 0.504004 0.569482 0.0451172 0.0899414
7 0.460254 0.40957 0.132227 0.225195
7 0.365576 0.705664 0.297168 0.50332
1 0.446045 0.447412 0.0950195 0.156738
7 0.414307 0.488281 0.103418 0.0896484
1 0.67085 0.874023 0.219238 0.251367
1 0.829248 0.893701 0.0702148 0.0870117
1 0.736035 0.804688 0.270117 0.218555
1 0.660498 0.649463 0.19541 0.228809
7 0.409766 0.527002 0.161719 0.147168
1 0.577734 0.491357 0.0707031 0.160059
1 0.059668 0.431982 0.119336 0.133887
1 0.794189 0.735986 0.025293 0.068457
7 0.727588 0.684473 0.116309 0.0945312
1 0.797217 0.606787 0.310254 0.263184
1 0.632129 0.576172 0.0751953 0.0816406
1 0.896826 0.552051 0.0188477 0.0419922
1 0.810107 0.417969 0.354395 0.31543
7 0.788721 0.511523 0.278809 0.0892578
1 0.791797 0.485596 0.184766 0.0995117
1 0.784717 0.40459 0.0233398 0.110156
5 0.74707 0.273975 0.0798828 0.10752
5 0.693066 0.31084 0.0642578 0.111133
1 0.88418 0.419141 0.186523 0.165039
1 0.766162 0.390674 0.106152 0.133887
1 0.824854 0.334717 0.194434 0.129004
7 0.923486 0.388379 0.131152 0.180273
0 0.656055 0.450439 0.147852 0.178613
0 0.17583 0.477881 0.047168 0.107129
