1 0.0304199 0.241064 0.0608398 0.112598
0 0.247168 0.537207 0.0419922 0.0212891
1 0.408057 0.650293 0.199707 0.150781
1 0.00727539 0.130908 0.0145508 0.037207
1 0.0114258 0.125732 0.0228516 0.0620117
1 0.0253418 0.132324 0.0135742 0.0320312
1 0.0140625 0.0873047 0.028125 0.0837891
1 0.439307 0.773535 0.170996 0.163672
7 0.419434 0.760889 0.0710937 0.0649414
1 0.058252 0.0733887 0.111816 0.0833008
1 0.0572266 0.113086 0.0615234 0.0283203
1 0.0967285 0.167773 0.154395 0.101953
1 0.15293 0.130713 0.173633 0.136426
1 0.0947266 0.217041 0.12207 0.0456055
1 0.0690918 0.283203 0.134277 0.124023
0 0.0699219 0.234131 0.0333984 0.0168945
1 0.330811 0.290234 0.587598 0.504492
7 0.0726074 0.273975 0.112793 0.0657227
0 0.382617 0.625586 0.0191406 0.0662109
