9 0.6604 0.374512 0.433887 0.749023
1 0.545117 0.788965 0.173633 0.0560547
0 0.283203 0.699609 0.38457 0.445898
1 0.598584 0.755713 0.0727539 0.0694336
1 0.360791 0.583984 0.226855 0.313281
1 0.424756 0.323486 0.309863 0.266113
1 0.511279 0.700244 0.13623 0.183301
0 0.237061 0.677832 0.0350586 0.141406
0 0.243896 0.768311 0.0922852 0.068457
1 0.22583 0.573926 0.0708008 0.155273
6 0.132617 0.801562 0.265234 0.15332
1 0.230664 0.959668 0.175586 0.0800781
2 0.190625 0.926563 0.0849609 0.0541016
1 0.165527 0.610059 0.0539063 0.108594
1 0.15376 0.679199 0.0522461 0.0929688
1 0.201367 0.564746 0.0529297 0.191992
1 0.227197 0.508936 0.105176 0.324902
9 0.524414 0.872852 0.289648 0.171875
