0 0.919482 0.271973 0.160449 0.543945
6 0.725488 0.672119 0.317969 0.354785
0 0.764404 0.618848 0.240527 0.163672
6 0.727246 0.539746 0.272852 0.18457
6 0.73501 0.435449 0.317676 0.161328
0 0.735889 0.45083 0.319434 0.14248
6 0.658984 0.211328 0.549609 0.422656
6 0.28125 0.805273 0.257422 0.239453
6 0.422119 0.750488 0.449902 0.456055
6 0.411914 0.322949 0.344727 0.438867
6 0.271387 0.431055 0.443164 0.632617
0 0.359473 0.36958 0.276562 0.503613
0 0.412598 0.319922 0.331055 0.420312
6 0.962207 0.924561 0.0751953 0.150098
