5 0.644971 0.133643 0.0418945 0.156738
7 0.778711 0.0785156 0.225977 0.157031
1 0.805811 0.413037 0.0436523 0.173926
1 0.815039 0.399658 0.0734375 0.147168
0 0.847461 0.325684 0.104688 0.0634766
6 0.72334 0.20376 0.174805 0.187207
0 0.740479 0.203027 0.0547852 0.176563
0 0.7771 0.202051 0.062207 0.193164
1 0.561865 0.268848 0.0583008 0.0396484
1 0.644336 0.47417 0.0119141 0.0641602
7 0.695703 0.626172 0.113086 0.226562
1 0.725781 0.419922 0.155469 0.267188
1 0.859863 0.127832 0.0589844 0.197461
1 0.8646 0.736768 0.251465 0.461621
1 0.915674 0.698047 0.0491211 0.0529297
1 0.867969 0.614063 0.146094 0.171289
1 0.783789 0.571777 0.0304687 0.0701172
1 0.892871 0.574902 0.0267578 0.0439453
4 0.893896 0.72666 0.0610352 0.0916016
0 0.418213 0.343799 0.0545898 0.0459961
7 0.249365 0.31875 0.345996 0.546289
1 0.880225 0.687012 0.180566 0.194141
0 0.89834 0.165527 0.0773438 0.331055
1 0.597607 0.346875 0.229395 0.248633
1 0.540918 0.516504 0.198437 0.506641
0 0.0153809 0.738574 0.0307617 0.148438
