7 0.409912 0.0472656 0.350879 0.0945312
7 0.870557 0.116309 0.258301 0.232617
7 0.716064 0.0803711 0.363379 0.160742
1 0.769629 0.252832 0.293945 0.222461
7 0.853467 0.26499 0.196387 0.0702148
7 0.749365 0.208594 0.0708008 0.157227
7 0.883301 0.391943 0.232813 0.242285
7 0.53208 0.197021 0.390918 0.31377
0 0.73501 0.857617 0.0717773 0.0441406
7 0.878418 0.795996 0.242383 0.378711
1 0.905127 0.558594 0.18916 0.155469
2 0.788477 0.285059 0.0902344 0.0707031
6 0.570752 0.615234 0.558887 0.556836
2 0.831152 0.275635 0.0611328 0.062207
0 0.653613 0.717529 0.288672 0.0842773
0 0.635254 0.648779 0.123047 0.197949
