1 0.89917 0.944775 0.201074 0.109863
7 0.611621 0.932959 0.199414 0.0885742
7 0.456201 0.616797 0.424902 0.0818359
1 0.297754 0.588574 0.0796875 0.0763672
1 0.314014 0.57373 0.0750977 0.0423828
1 0.301221 0.503223 0.263184 0.208789
0 0.47915 0.558008 0.362402 0.171094
0 0.423145 0.47666 0.12207 0.0724609
0 0.313867 0.36123 0.0734375 0.0964844
0 0.466895 0.306006 0.0601563 0.0336914
1 0.493359 0.38584 0.368359 0.232422
7 0.109082 0.461963 0.200391 0.0950195
0 0.0800781 0.419531 0.107813 0.0523438
0 0.379346 0.271777 0.096582 0.0277344
