7 0.838428 0.149463 0.24873 0.298926
5 0.318896 0.509229 0.108105 0.109082
7 0.3896 0.61792 0.115527 0.0870117
5 0.408545 0.495508 0.0536133 0.0505859
5 0.345459 0.544336 0.109082 0.125
5 0.41084 0.554688 0.0349609 0.120703
7 0.903174 0.304248 0.152051 0.0780273
5 0.278271 0.733838 0.0694336 0.0827148
0 0.495557 0.710449 0.110645 0.110742
5 0.555322 0.696094 0.0327148 0.0720703
5 0.520605 0.495264 0.03125 0.0459961
7 0.49126 0.569482 0.158691 0.212988
1 0.986084 0.426758 0.0272461 0.11543
5 0.314648 0.920605 0.126758 0.0958984
7 0.754004 0.56084 0.448437 0.619727
5 0.9771 0.543115 0.0454102 0.0823242
