1 0.203174 0.665918 0.397559 0.287695
1 0.653467 0.26875 0.69248 0.344141
0 0.672363 0.374463 0.213477 0.137012
2 0.314795 0.403613 0.120801 0.0738281
1 0.435791 0.223828 0.500684 0.280078
0 0.378467 0.320752 0.0481445 0.0551758
1 0.630859 0.691309 0.263086 0.217383
1 0.531494 0.561133 0.583691 0.471094
0 0.523633 0.508301 0.350391 0.233984
0 0.549902 0.520459 0.321289 0.294434
1 0.842578 0.131787 0.314258 0.263574
1 0.79082 0.0151855 0.180078 0.0303711
1 0.595068 0.118896 0.412988 0.23623
1 0.56123 0.048584 0.277148 0.097168
1 0.443457 0.194141 0.337305 0.203516
