1 0.581982 0.646582 0.134277 0.0724609
0 0.455713 0.463965 0.0331055 0.0210938
7 0.350391 0.616357 0.0400391 0.0233398
0 0.34375 0.450391 0.0486328 0.0203125
7 0.263916 0.308447 0.31416 0.17041
7 0.229541 0.416113 0.158105 0.0966797
7 0.0825195 0.378711 0.165039 0.0927734
1 0.0959473 0.447461 0.175293 0.124023
0 0.0390137 0.441357 0.0780273 0.0592773
5 0.33916 0.477881 0.0625 0.037207
5 0.337109 0.5 0.0849609 0.0332031
5 0.20752 0.451904 0.0552734 0.0545898
1 0.277002 0.467236 0.118066 0.0842773
7 0.345264 0.537842 0.0708008 0.10791
7 0.450391 0.487451 0.126953 0.0260742
7 0.439648 0.569043 0.160352 0.216016
7 0.423584 0.647461 0.110449 0.0542969
5 0.220068 0.488818 0.0842773 0.037207
5 0.367236 0.655029 0.10752 0.0719727
1 0.213477 0.568311 0.291992 0.20459
5 0.0769043 0.498877 0.0790039 0.0766602
1 0.186475 0.520166 0.0866211 0.0602539
7 0.271484 0.560352 0.189844 0.108398
5 0.32041 0.559277 0.0667969 0.0515625
5 0.280615 0.578467 0.078418 0.0538086
5 0.527148 0.685156 0.0601563 0.0587891
1 0.422119 0.838379 0.125293 0.0716797
7 0.448779 0.696777 0.153418 0.129688
1 0.755664 0.802686 0.155469 0.0418945
1 0.6979 0.643799 0.109473 0.0629883
1 0.813818 0.593848 0.214941 0.138672
1 0.815967 0.739307 0.204004 0.16123
1 0.815479 0.683057 0.137598 0.099707
5 0.853711 0.710938 0.0916016 0.0503906
1 0.866748 0.733545 0.150098 0.0821289
1 0.859326 0.540332 0.0426758 0.0423828
5 0.815674 0.907324 0.068457 0.0671875
1 0.618164 0.76123 0.364063 0.235352
7 0.686816 0.775781 0.0595703 0.0441406
5 0.675586 0.700537 0.0582031 0.0518555
0 0.697559 0.686133 0.0558594 0.0488281
0 0.167822 0.524951 0.0479492 0.0399414
