7 0.524902 0.546631 0.0369141 0.0588867
7 0.457959 0.523145 0.133691 0.189844
7 0.630029 0.387256 0.154004 0.228809
7 0.499512 0.278418 0.0818359 0.0601563
7 0.364453 0.294971 0.238867 0.267871
7 0.516797 0.418115 0.233398 0.241699
7 0.610937 0.608643 0.179297 0.260254
7 0.54502 0.705225 0.186719 0.215918
7 0.306934 0.426758 0.185742 0.12793
7 0.228662 0.448291 0.11709 0.106152
7 0.208594 0.673389 0.191016 0.404395
7 0.385059 0.539355 0.221484 0.24668
7 0.362402 0.712793 0.191992 0.456055
2 0.330566 0.533252 0.0386719 0.0307617
2 0.338135 0.583691 0.0428711 0.0853516
7 0.512646 0.791895 0.157715 0.339648
7 0.720068 0.670264 0.243262 0.394824
