4 0.569189 0.15332 0.0436523 0.149805
4 0.553662 0.236621 0.0389648 0.0988281
4 0.533496 0.282178 0.0496094 0.171582
4 0.521582 0.339404 0.0441406 0.162988
4 0.42334 0.448926 0.0947266 0.239063
4 0.777246 0.506494 0.0744141 0.249707
4 0.848828 0.525439 0.078125 0.271191
4 0.9271 0.533398 0.0913086 0.259961
4 0.703955 0.497852 0.0731445 0.242383
4 0.498877 0.443896 0.0860352 0.241699
4 0.559863 0.457812 0.0771484 0.239063
4 0.629248 0.480811 0.0704102 0.249316
4 0.299902 0.42627 0.105664 0.222852
4 0.358984 0.431396 0.0994141 0.229199
4 0.0640137 0.421143 0.127441 0.220605
4 0.09375 0.15791 0.0367188 0.0777344
4 0.0652344 0.210498 0.0431641 0.104199
4 0.144043 0.0578613 0.0332031 0.074707
4 0.113574 0.112646 0.0421875 0.0870117
4 0.226416 0.408936 0.115527 0.227832
