1 0.925049 0.600635 0.149121 0.256738
1 0.904785 0.705811 0.189844 0.120996
2 0.934863 0.707715 0.0410156 0.0359375
1 0.829053 0.551953 0.0536133 0.143555
1 0.871729 0.671973 0.0536133 0.0359375
1 0.818652 0.533154 0.158398 0.297363
2 0.886377 0.69541 0.0756836 0.0496094
1 0.525684 0.623975 0.444141 0.471191
1 0.842773 0.78252 0.313867 0.203906
1 0.801221 0.65708 0.124316 0.0776367
1 0.795508 0.675293 0.106836 0.0947266
1 0.710547 0.571094 0.0519531 0.175391
1 0.685303 0.577197 0.0479492 0.129004
1 0.500635 0.529102 0.36377 0.246289
1 0.491748 0.501465 0.084668 0.0724609
2 0.491748 0.560645 0.107129 0.0597656
1 0.621338 0.461035 0.160059 0.28125
1 0.411914 0.453564 0.156445 0.25791
5 0.541309 0.377734 0.119727 0.120508
1 0.541162 0.37998 0.108105 0.0679687
0 0.530078 0.28916 0.0429688 0.142383
6 0.955225 0.577637 0.0889648 0.206836
0 0.335449 0.643213 0.0611328 0.0508789
0 0.726172 0.697852 0.0291016 0.0632812
2 0.920264 0.796777 0.0661133 0.0220703
