6 0.146924 0.424219 0.293848 0.292578
5 0.340527 0.505322 0.196875 0.261621
5 0.33125 0.447803 0.0484375 0.0510742
5 0.347168 0.473145 0.0691406 0.0529297
5 0.765771 0.407324 0.239355 0.22168
6 0.404102 0.288379 0.508594 0.326758
7 0.573486 0.669873 0.20127 0.161621
5 0.581201 0.511816 0.378027 0.221875
7 0.436133 0.787109 0.354102 0.34375
5 0.376904 0.654395 0.0709961 0.0408203
5 0.351904 0.616455 0.162988 0.0821289
5 0.542041 0.727832 0.134082 0.0908203
5 0.571387 0.787158 0.0742188 0.0631836
5 0.455957 0.890674 0.0876953 0.0692383
5 0.422559 0.78457 0.242578 0.163867
5 0.411328 0.713086 0.132422 0.0449219
7 0.774316 0.7875 0.355273 0.424609
