1 0.522607 0.658887 0.454395 0.563867
1 0.357861 0.544971 0.0307617 0.096582
1 0.376025 0.573926 0.0288086 0.0730469
1 0.687695 0.338281 0.194922 0.530469
1 0.332861 0.467725 0.0639648 0.225879
1 0.406006 0.315674 0.154785 0.361426
1 0.394043 0.418652 0.0460938 0.0582031
1 0.466895 0.570117 0.216016 0.270508
1 0.359961 0.192627 0.104883 0.299902
1 0.502441 0.246533 0.0460938 0.0532227
1 0.401807 0.360303 0.0481445 0.12998
1 0.414795 0.220605 0.0583008 0.0257812
1 0.435986 0.31333 0.142871 0.181543
1 0.608545 0.233447 0.0399414 0.0336914
1 0.519531 0.442139 0.232422 0.430566
1 0.569678 0.335449 0.0793945 0.364063
1 0.595898 0.590625 0.0955078 0.251953
1 0.589502 0.521631 0.0704102 0.153809
