7 0.95918 0.573584 0.0810547 0.363379
7 0.939941 0.59624 0.119531 0.374316
1 0.743506 0.755127 0.326855 0.19541
1 0.725439 0.555078 0.34873 0.342969
1 0.777295 0.518799 0.189941 0.040332
0 0.745166 0.556738 0.0299805 0.0605469
1 0.781592 0.435156 0.199121 0.19043
1 0.612109 0.133398 0.15625 0.158398
7 0.34624 0.417969 0.102637 0.144141
7 0.413232 0.499609 0.037207 0.0859375
7 0.345166 0.531201 0.0959961 0.174902
7 0.430615 0.420166 0.130176 0.137207
7 0.500391 0.578662 0.150586 0.31084
1 0.534229 0.323242 0.037207 0.0228516
7 0.381348 0.640381 0.170898 0.265527
5 0.380957 0.526123 0.0654297 0.0952148
7 0.427832 0.292871 0.15918 0.188867
1 0.641748 0.50542 0.15752 0.234473
1 0.621045 0.287354 0.310059 0.350488
1 0.621631 0.538672 0.052832 0.0277344
0 0.677002 0.40957 0.0344727 0.0353516
