0 0.648682 0.97002 0.196777 0.0595703
0 0.794824 0.944482 0.225195 0.110645
0 0.718896 0.85752 0.156738 0.14707
0 0.658887 0.887012 0.139844 0.142578
0 0.506299 0.940576 0.177246 0.0979492
1 0.399316 0.794141 0.468555 0.294141
0 0.404102 0.852881 0.0634766 0.0500977
4 0.502637 0.692969 0.0654297 0.0605469
5 0.403955 0.716113 0.166309 0.0845703
1 0.345752 0.782666 0.0651367 0.062793
1 0.422119 0.76416 0.207324 0.112109
1 0.463672 0.77168 0.277148 0.128711
3 0.816357 0.598437 0.153809 0.267383
3 0.694141 0.544336 0.222852 0.375781
1 0.612061 0.437988 0.394824 0.418164
6 0.369043 0.62627 0.43125 0.227148
6 0.085791 0.649463 0.171582 0.159473
6 0.146826 0.589795 0.252637 0.178027
1 0.389941 0.428076 0.0357422 0.0848633
5 0.624805 0.656982 0.0453125 0.0243164
