0 0.443066 0.499854 0.886133 0.999707
0 0.482764 0.554541 0.272559 0.418652
8 0.32207 0.362598 0.231445 0.342969
8 0.572852 0.402783 0.0773438 0.111816
8 0.558057 0.315967 0.10166 0.0842773
8 0.546777 0.547754 0.0662109 0.0830078
8 0.512793 0.483984 0.110352 0.13457
8 0.402393 0.307373 0.312207 0.190137
8 0.424219 0.587988 0.0498047 0.0753906
8 0.468164 0.518994 0.104883 0.166309
8 0.457861 0.696387 0.056543 0.0462891
8 0.42959 0.655322 0.255469 0.191504
8 0.351123 0.630273 0.152051 0.215625
8 0.355371 0.501465 0.12793 0.156445
