1 0.481641 0.93916 0.231836 0.121289
1 0.282227 0.278613 0.0896484 0.305273
1 0.286084 0.199805 0.084668 0.137695
1 0.298291 0.183789 0.0383789 0.0550781
1 0.409863 0.289453 0.25293 0.308008
1 0.422803 0.280029 0.334277 0.218262
1 0.430225 0.28999 0.160059 0.217285
1 0.446484 0.223926 0.126367 0.0496094
1 0.412598 0.310059 0.110156 0.180078
1 0.470557 0.285498 0.0833008 0.139355
1 0.554297 0.314551 0.213672 0.237305
1 0.349707 0.403027 0.0267578 0.0412109
1 0.372363 0.39248 0.0396484 0.0185547
1 0.602686 0.336279 0.188184 0.260449
1 0.640527 0.487305 0.147461 0.119531
1 0.336328 0.548438 0.463672 0.309766
1 0.53999 0.501709 0.167285 0.0694336
1 0.560986 0.719189 0.0618164 0.0520508
2 0.663086 0.899463 0.105859 0.171387
1 0.545996 0.74541 0.0734375 0.0707031
1 0.480127 0.783447 0.100488 0.145801
1 0.5625 0.824512 0.166016 0.206055
1 0.693115 0.657617 0.23877 0.382227
1 0.475391 0.618701 0.290039 0.198145
2 0.388672 0.80415 0.125977 0.190723
