0 0.412891 0.418018 0.212109 0.105762
0 0.487354 0.416748 0.152832 0.10498
5 0.153955 0.110547 0.129199 0.0818359
0 0.123145 0.17959 0.246289 0.194336
1 0.151562 0.855566 0.0771484 0.0732422
0 0.0983398 0.821436 0.115625 0.122363
0 0.0392578 0.717627 0.0583984 0.104199
0 0.101562 0.765234 0.0607422 0.0632812
7 0.184863 0.716016 0.149219 0.120313
0 0.0928223 0.714111 0.0725586 0.0930664
7 0.103369 0.548389 0.206738 0.240527
0 0.286914 0.407178 0.260937 0.284277
0 0.448437 0.386865 0.0859375 0.0694336
0 0.090625 0.819678 0.18125 0.360254
1 0.229248 0.551758 0.0430664 0.0240234
1 0.160547 0.344971 0.321094 0.429395
5 0.273438 0.238965 0.100586 0.0787109
5 0.205371 0.170557 0.0701172 0.0772461
7 0.797217 0.430225 0.122363 0.168457
5 0.59165 0.439844 0.0967773 0.0587891
0 0.517285 0.41377 0.0841797 0.0492187
7 0.811084 0.55083 0.374121 0.109277
5 0.795703 0.556299 0.282617 0.0561523
5 0.345166 0.592773 0.0854492 0.0916016
5 0.557715 0.631982 0.10918 0.0395508
0 0.324561 0.839404 0.288184 0.22373
5 0.345654 0.712354 0.106543 0.0807617
0 0.673193 0.739307 0.0799805 0.0889648
9 0.551221 0.733105 0.25127 0.172461
0 0.557373 0.272998 0.205566 0.12334
0 0.73667 0.290234 0.202246 0.166016
1 0.537451 0.32002 0.486621 0.291406
0 0.512061 0.322217 0.448535 0.191113
9 0.568164 0.509131 0.344727 0.133691
5 0.263379 0.617676 0.189453 0.136914
