0 0.0436035 0.112451 0.056543 0.0713867
0 0.661084 0.21792 0.468457 0.43584
0 0.340186 0.208154 0.18623 0.166309
7 0.464893 0.510059 0.176855 0.0730469
7 0.230518 0.119873 0.384668 0.239746
0 0.0131348 0.0409668 0.0262695 0.0799805
0 0.0429199 0.304053 0.0858398 0.233105
0 0.017627 0.301709 0.0352539 0.12334
5 0.469482 0.057373 0.106152 0.114746
5 0.895557 0.0934082 0.208301 0.186816
0 0.323145 0.374219 0.277734 0.19082
0 0.0629883 0.715967 0.125977 0.103223
0 0.750146 0.0223145 0.0557617 0.0446289
7 0.698047 0.372314 0.210547 0.160059
5 0.725049 0.529736 0.471973 0.31416
5 0.659961 0.776123 0.373047 0.137598
3 0.239551 0.547754 0.400781 0.271484
