5 0.938672 0.2521 0.11543 0.052832
1 0.911768 0.247363 0.108496 0.0533203
1 0.801074 0.234814 0.0611328 0.0272461
1 0.829492 0.248486 0.0439453 0.0188477
6 0.556006 0.149561 0.532715 0.298145
6 0.679102 0.405908 0.641211 0.417871
7 0.477686 0.575781 0.35752 0.30332
7 0.259229 0.774316 0.456348 0.21582
7 0.525781 0.827344 0.213672 0.274805
7 0.714795 0.798779 0.275488 0.290918
7 0.180371 0.302832 0.360742 0.605664
2 0.0588867 0.0353516 0.117773 0.0707031
1 0.053418 0.0391113 0.106836 0.0637695
0 0.122168 0.180322 0.244336 0.266895
2 0.0375488 0.938135 0.0750977 0.0805664
0 0.076709 0.591162 0.153418 0.0924805
2 0.541211 0.429199 0.0539063 0.0414062
5 0.573096 0.421484 0.0422852 0.0240234
0 0.108594 0.143701 0.198047 0.136621
5 0.098584 0.0294922 0.0469727 0.0589844
7 0.202393 0.0476074 0.125684 0.0536133
5 0.165186 0.0179687 0.0413086 0.0121094
