1 0.551172 0.419482 0.0746094 0.0842773
7 0.349805 0.116406 0.103906 0.140234
7 0.0352051 0.123486 0.0704102 0.17959
7 0.00732422 0.168994 0.0146484 0.0489258
7 0.19873 0.105322 0.248242 0.210645
7 0.173877 0.0843262 0.251465 0.168652
7 0.0510742 0.187207 0.102148 0.111133
7 0.183496 0.290527 0.250977 0.380664
7 0.0363281 0.245703 0.0726563 0.140234
7 0.0637207 0.447754 0.127441 0.422656
7 0.0256836 0.756104 0.0513672 0.213965
7 0.394775 0.231836 0.200684 0.242773
7 0.299072 0.379785 0.108105 0.226562
7 0.385547 0.334033 0.0984375 0.144824
6 0.441113 0.40459 0.145117 0.117383
1 0.249561 0.56167 0.11709 0.207324
1 0.248779 0.514697 0.0961914 0.171582
7 0.780713 0.512744 0.420605 0.239746
6 0.519287 0.480713 0.150098 0.10752
7 0.421777 0.559326 0.261133 0.237793
5 0.523584 0.901953 0.047168 0.177539
7 0.326807 0.733252 0.28252 0.253613
5 0.470801 0.891992 0.105859 0.215234
5 0.394238 0.775146 0.112305 0.0780273
3 0.456445 0.866064 0.0617188 0.103809
5 0.430322 0.79668 0.078418 0.090625
5 0.398242 0.908838 0.0900391 0.178223
5 0.357617 0.872656 0.0947266 0.208984
5 0.457471 0.776611 0.040918 0.0584961
9 0.669238 0.52876 0.13418 0.141504
9 0.724707 0.367383 0.272852 0.294336
0 0.546729 0.420752 0.0170898 0.046582
