1 0.6729 0.399268 0.350684 0.577051
7 0.736426 0.765088 0.210547 0.172949
7 0.544385 0.537012 0.134473 0.219531
7 0.491504 0.671973 0.0320312 0.183203
7 0.552588 0.683203 0.115527 0.284375
7 0.409814 0.530029 0.0493164 0.120996
1 0.258887 0.626514 0.226172 0.149121
7 0.419775 0.739209 0.166895 0.309863
5 0.37832 0.569629 0.0632812 0.114062
1 0.457715 0.553223 0.0726563 0.123633
7 0.266846 0.569141 0.216309 0.258594
0 0.255127 0.448877 0.0592773 0.0327148
3 0.433301 0.292139 0.0589844 0.0756836
1 0.354297 0.35166 0.188281 0.143164
0 0.629346 0.614062 0.0444336 0.133594
