7 0.334961 0.353711 0.457031 0.611133
1 0.675928 0.615723 0.302246 0.32168
7 0.279395 0.649756 0.210938 0.357129
1 0.511914 0.662549 0.171289 0.093457
1 0.767041 0.597754 0.0856445 0.0734375
1 0.612305 0.59502 0.268164 0.171094
7 0.546289 0.734131 0.344531 0.341309
1 0.634473 0.514404 0.194141 0.131934
1 0.746533 0.566211 0.0770508 0.0560547
5 0.953076 0.863965 0.0932617 0.0642578
0 0.545996 0.448877 0.0390625 0.0327148
0 0.568945 0.478076 0.0572266 0.0493164
0 0.559521 0.48833 0.050293 0.0456055
7 0.908105 0.532861 0.183203 0.524512
