7 0.133398 0.599902 0.192969 0.301563
7 0.292676 0.57627 0.207813 0.324414
7 0.167383 0.362744 0.238086 0.211621
7 0.194775 0.215625 0.148535 0.105859
1 0.538623 0.565918 0.290137 0.418945
0 0.560645 0.548438 0.0533203 0.428906
7 0.871875 0.661035 0.255664 0.270508
5 0.772656 0.759473 0.0339844 0.0605469
7 0.786621 0.739111 0.0458984 0.0350586
5 0.810498 0.702734 0.087793 0.0939453
5 0.863184 0.74292 0.0230469 0.0651367
5 0.92959 0.685645 0.120508 0.170313
5 0.978711 0.742578 0.0421875 0.0625
5 0.874023 0.634766 0.0873047 0.156445
5 0.821094 0.598242 0.0855469 0.106445
1 0.0976562 0.491211 0.0341797 0.0433594
