0 0.148145 0.862695 0.296289 0.274023
5 0.266357 0.458887 0.532715 0.347266
7 0.147656 0.0868164 0.295312 0.173633
5 0.395313 0.228955 0.227148 0.178613
5 0.378271 0.250439 0.230176 0.150098
7 0.169824 0.254883 0.339648 0.362891
7 0.380469 0.945166 0.276172 0.109082
0 0.372314 0.827295 0.223535 0.198145
0 0.693457 0.918945 0.375 0.161719
7 0.480029 0.751123 0.330371 0.200684
7 0.809717 0.862988 0.37998 0.244336
0 0.964648 0.411084 0.0701172 0.0657227
2 0.806982 0.453613 0.212598 0.191992
0 0.904102 0.306787 0.125 0.11709
5 0.844287 0.390576 0.158105 0.0842773
5 0.878418 0.666455 0.242383 0.220215
5 0.425928 0.595605 0.406738 0.166406
7 0.8146 0.515869 0.37002 0.178027
1 0.614893 0.24834 0.587012 0.366797
5 0.507129 0.430469 0.286719 0.16543
0 0.383154 0.429932 0.0717773 0.0161133
1 0.615234 0.371875 0.182227 0.0552734
5 0.960352 0.535303 0.0787109 0.120801
5 0.606152 0.51626 0.344531 0.175879
5 0.627295 0.697803 0.295605 0.224902
