6 0.332129 0.438086 0.0472656 0.0166016
6 0.319141 0.325244 0.0257812 0.0444336
6 0.308008 0.287158 0.0505859 0.0327148
6 0.335107 0.315967 0.0155273 0.0500977
6 0.305713 0.24624 0.0532227 0.0491211
6 0.669189 0.475928 0.0579102 0.0629883
6 0.29624 0.203076 0.0575195 0.0381836
6 0.0467773 0.186621 0.0935547 0.0191406
6 0.0796875 0.159961 0.159375 0.0376953
6 0.0882813 0.125635 0.176563 0.0389648
6 0.087793 0.0898926 0.175586 0.0389648
6 0.237988 0.160059 0.159766 0.0478516
6 0.244189 0.134619 0.14248 0.0143555
6 0.244189 0.122949 0.140527 0.0148437
6 0.259619 0.0844727 0.178613 0.0652344
6 0.285889 0.0355469 0.153809 0.0423828
0 0.32041 0.016748 0.0753906 0.0334961
6 0.149316 0.242139 0.298633 0.149512
6 0.274756 0.418164 0.130957 0.141406
6 0.200879 0.334814 0.221875 0.0887695
5 0.253271 0.948389 0.0760742 0.102637
5 0.190283 0.915381 0.152441 0.168652
5 0.125977 0.864258 0.251953 0.271094
5 0.119727 0.748828 0.239453 0.304297
5 0.108643 0.609717 0.217285 0.292871
6 0.543848 0.882861 0.322461 0.233887
0 0.305713 0.39165 0.0512695 0.0793945
6 0.525342 0.864355 0.328418 0.15918
0 0.478027 0.472949 0.435547 0.945898
6 0.526416 0.822803 0.223535 0.0831055
6 0.510205 0.717529 0.341895 0.137402
6 0.505908 0.655371 0.287012 0.0816406
6 0.491602 0.606592 0.303906 0.107129
6 0.487646 0.4979 0.30459 0.154004
6 0.490088 0.454297 0.269824 0.0826172
6 0.47417 0.419775 0.298926 0.0299805
6 0.485254 0.390088 0.295312 0.056543
6 0.47915 0.38291 0.296973 0.03125
6 0.462158 0.346924 0.333691 0.0694336
6 0.475537 0.286963 0.291699 0.131934
6 0.472217 0.225098 0.292285 0.0449219
6 0.446387 0.137158 0.277734 0.175098
6 0.663232 0.559033 0.056543 0.271777
6 0.646826 0.372461 0.0522461 0.188281
0 0.130273 0.124121 0.0119141 0.0349609
0 0.235937 0.426465 0.0519531 0.0984375
