0 0.402441 0.574072 0.0667969 0.0334961
0 0.611475 0.533398 0.0588867 0.0478516
0 0.581348 0.602148 0.18457 0.0689453
3 0.629297 0.581738 0.117773 0.0632812
5 0.488379 0.640234 0.205664 0.0826172
5 0.49917 0.587793 0.0532227 0.0347656
0 0.666797 0.433643 0.120703 0.0831055
0 0.71333 0.4771 0.146191 0.00771484
0 0.62085 0.368311 0.136621 0.12998
1 0.442969 0.456543 0.0830078 0.0634766
1 0.446143 0.544727 0.0899414 0.0587891
1 0.499805 0.523584 0.127344 0.106152
1 0.577002 0.471875 0.13623 0.0919922
5 0.49126 0.46626 0.0446289 0.0610352
4 0.283447 0.487598 0.11377 0.0525391
2 0.0577148 0.561377 0.0949219 0.109863
2 0.289209 0.642725 0.0512695 0.0538086
1 0.2229 0.570947 0.293652 0.255957
0 0.396826 0.466357 0.220215 0.0741211
5 0.248193 0.395313 0.308496 0.105664
5 0.277441 0.584033 0.109766 0.077832
1 0.143506 0.472949 0.287012 0.274805
2 0.32832 0.647412 0.0720703 0.062207
0 0.279248 0.689893 0.0823242 0.0454102
0 0.147998 0.655322 0.0579102 0.0686523
0 0.361475 0.664453 0.0588867 0.0708984
0 0.4625 0.178467 0.0929688 0.0731445
2 0.505762 0.205615 0.178906 0.13291
