7 0.496875 0.545508 0.75625 0.762109
5 0.759277 0.366553 0.167969 0.275293
7 0.769189 0.479346 0.146191 0.377246
7 0.221729 0.479883 0.0790039 0.0505859
7 0.318115 0.445703 0.0780273 0.0396484
7 0.331055 0.540723 0.318164 0.166211
6 0.499512 0.501318 0.341602 0.246777
5 0.612256 0.343848 0.178223 0.103906
7 0.456641 0.522266 0.623633 0.401758
2 0.575684 0.413965 0.179883 0.0908203
5 0.432178 0.262793 0.13291 0.109375
5 0.50083 0.307666 0.362793 0.175879
7 0.576709 0.598047 0.0879883 0.046875
0 0.483789 0.388916 0.573438 0.33877
