1 0.556201 0.845215 0.469043 0.12168
1 0.561084 0.842236 0.455566 0.108496
1 0.503271 0.831885 0.0749023 0.0446289
1 0.450391 0.807666 0.0908203 0.022168
1 0.710205 0.827686 0.352441 0.165332
1 0.601709 0.688818 0.562988 0.37041
1 0.60835 0.784717 0.436035 0.101855
1 0.830469 0.592578 0.0845703 0.090625
1 0.536963 0.67085 0.42959 0.0889648
1 0.393604 0.288086 0.402246 0.480859
1 0.49082 0.720361 0.373047 0.0393555
1 0.521631 0.678906 0.415723 0.0482422
1 0.659961 0.654883 0.172656 0.0558594
1 0.384717 0.665381 0.116113 0.0608398
1 0.488574 0.557715 0.349219 0.159766
1 0.674023 0.498633 0.188281 0.0482422
1 0.59248 0.58916 0.420117 0.182227
1 0.312402 0.16167 0.17832 0.223535
1 0.230273 0.181104 0.0597656 0.136621
1 0.213135 0.263721 0.108887 0.116699
1 0.372852 0.155811 0.0523438 0.0741211
1 0.356885 0.1625 0.0362305 0.0763672
1 0.609424 0.75083 0.459863 0.261621
1 0.461572 0.844922 0.037207 0.034375
