0 0.0398437 0.450684 0.0796875 0.101172
5 0.624365 0.513867 0.387598 0.319922
7 0.719238 0.427344 0.133594 0.0873047
0 0.514697 0.458789 0.140527 0.0902344
0 0.600684 0.504736 0.0267578 0.0233398
1 0.531689 0.410547 0.0713867 0.0414062
5 0.587354 0.409961 0.0827148 0.104688
5 0.509912 0.544385 0.062207 0.0297852
3 0.536182 0.513867 0.155762 0.0541016
2 0.495996 0.46084 0.118359 0.0724609
7 0.670117 0.416553 0.0347656 0.0374023
0 0.636768 0.40752 0.0670898 0.0908203
5 0.669775 0.48999 0.116699 0.0731445
0 0.622363 0.477295 0.136914 0.0483398
0 0.773291 0.456836 0.0446289 0.0367188
4 0.773975 0.4979 0.0393555 0.0235352
2 0.77666 0.466406 0.0929688 0.0458984
0 0.641357 0.51416 0.0875977 0.0634766
4 0.543994 0.567187 0.0555664 0.0396484
2 0.681836 0.561523 0.0806641 0.0505859
0 0.738574 0.515625 0.106836 0.103711
0 0.764404 0.508545 0.0631836 0.0463867
3 0.786523 0.520947 0.19082 0.196191
5 0.839648 0.455664 0.0681641 0.0595703
