1 0.532031 0.0741699 0.0601563 0.14834
1 0.876953 0.243555 0.0773438 0.0332031
1 0.914209 0.177393 0.170996 0.105371
5 0.705713 0.561523 0.237402 0.162695
1 0.883447 0.0662109 0.23252 0.132422
1 0.724707 0.0183594 0.0863281 0.0148437
1 0.731494 0.00805664 0.105176 0.0161133
1 0.668652 0.316895 0.429883 0.340234
1 0.689941 0.158008 0.500977 0.316016
1 0.693896 0.110449 0.340918 0.0974609
1 0.661328 0.0493652 0.200391 0.0272461
7 0.924414 0.874268 0.0935547 0.0868164
1 0.895947 0.692383 0.0995117 0.109375
1 0.255127 0.651465 0.510254 0.356445
7 0.655273 0.751904 0.50625 0.381738
5 0.643018 0.737207 0.12666 0.152539
0 0.62666 0.749365 0.0595703 0.127246
3 0.620996 0.765088 0.106445 0.0897461
7 0.959619 0.892578 0.0799805 0.0853516
1 0.291992 0.344043 0.203711 0.0982422
1 0.685059 0.108496 0.281445 0.112305
1 0.618164 0.331836 0.0353516 0.0283203
1 0.667334 0.341895 0.108496 0.0458984
1 0.774268 0.361572 0.12334 0.0233398
1 0.787207 0.347705 0.0591797 0.0407227
1 0.743359 0.341016 0.0482422 0.03125
1 0.580176 0.344141 0.0472656 0.0330078
1 0.824512 0.336621 0.0525391 0.0369141
1 0.590088 0.323633 0.0670898 0.0183594
1 0.732666 0.330225 0.0479492 0.0151367
7 0.536426 0.322266 0.0443359 0.0542969
