1 0.175 0.503809 0.216992 0.182227
1 0.212402 0.403809 0.222461 0.19707
1 0.158105 0.419141 0.199609 0.170313
5 0.541406 0.37915 0.191016 0.361426
0 0.372168 0.844775 0.274023 0.229199
7 0.206006 0.592627 0.234863 0.320801
7 0.0649902 0.87041 0.12998 0.258594
7 0.163867 0.878174 0.183789 0.243066
7 0.254932 0.970361 0.180566 0.0584961
7 0.402734 0.787354 0.237109 0.345215
5 0.4375 0.241455 0.316992 0.320801
7 0.39458 0.549756 0.214746 0.402441
7 0.768848 0.279736 0.337305 0.43916
0 0.750781 0.137402 0.0138672 0.0386719
1 0.816357 0.18501 0.143066 0.102832
4 0.795117 0.219775 0.0541016 0.0770508
7 0.702783 0.216797 0.117285 0.13457
5 0.747656 0.235107 0.0746094 0.103223
5 0.697754 0.21958 0.0488281 0.0741211
1 0.67998 0.305566 0.113867 0.101172
1 0.739209 0.239258 0.072168 0.0724609
7 0.568994 0.236914 0.0610352 0.0611328
7 0.371631 0.113232 0.062793 0.0704102
7 0.382178 0.138281 0.108105 0.114453
1 0.168994 0.34043 0.20166 0.185547
5 0.331299 0.897461 0.0317383 0.0548828
