6 0.697949 0.174316 0.351562 0.169141
6 0.402979 0.261133 0.303223 0.162695
6 0.695068 0.224951 0.298926 0.136426
6 0.394189 0.336719 0.26123 0.157031
6 0.688037 0.363232 0.313184 0.165918
6 0.395654 0.438574 0.274121 0.160938
6 0.678516 0.468359 0.301563 0.144141
6 0.657715 0.54043 0.280469 0.144336
6 0.376318 0.553516 0.267871 0.194922
6 0.359326 0.675928 0.303223 0.124707
6 0.636035 0.660352 0.274805 0.215039
6 0.348584 0.736475 0.298926 0.0731445
6 0.346094 0.846387 0.295312 0.195703
6 0.61792 0.840332 0.291309 0.237305
0 0.693994 0.245898 0.290723 0.0339844
0 0.659375 0.536426 0.272461 0.0267578
0 0.355713 0.688135 0.290723 0.0379883
0 0.634961 0.72251 0.265234 0.068457
0 0.353662 0.802783 0.277441 0.0520508
0 0.348486 0.90752 0.295605 0.0644531
0 0.346387 0.603955 0.0902344 0.791699
0 0.629492 0.552295 0.147852 0.894824
0 0.42002 0.239209 0.0972656 0.0344727
