7 0.476855 0.442334 0.523828 0.509668
0 0.515674 0.230957 0.0922852 0.0185547
7 0.736621 0.323975 0.176953 0.209863
0 0.396436 0.276025 0.109082 0.124512
7 0.523438 0.00620117 0.115039 0.0124023
0 0.480713 0.0495117 0.246387 0.0984375
5 0.0322266 0.97876 0.0644531 0.0418945
0 0.0489746 0.92373 0.0866211 0.0974609
5 0.444775 0.454541 0.13623 0.0959961
0 0.537549 0.409766 0.0493164 0.0615234
5 0.613232 0.323389 0.171582 0.12998
1 0.656885 0.305713 0.0737305 0.0885742
0 0.474072 0.361768 0.0922852 0.101465
5 0.443506 0.3646 0.207715 0.107129
1 0.437793 0.363965 0.06875 0.0865234
5 0.480957 0.295898 0.112109 0.0660156
9 0.361621 0.933691 0.170313 0.132227
