5 0.50542 0.499854 0.988379 0.999707
4 0.775781 0.263721 0.299609 0.130176
4 0.654443 0.24541 0.274512 0.144141
4 0.761279 0.364209 0.305566 0.100488
4 0.761377 0.462646 0.238379 0.093457
4 0.621826 0.455518 0.25498 0.0959961
4 0.756934 0.559521 0.260547 0.099707
4 0.610449 0.555518 0.24668 0.102637
4 0.76543 0.775342 0.19082 0.122559
4 0.7771 0.667676 0.194434 0.106641
4 0.608496 0.655713 0.231445 0.130957
4 0.630957 0.776514 0.173242 0.119043
4 0.48877 0.785937 0.164648 0.131445
4 0.332129 0.804102 0.163672 0.154297
4 0.159912 0.819824 0.164355 0.167383
4 0.169482 0.682178 0.164355 0.14209
4 0.481445 0.661621 0.226172 0.144141
4 0.327734 0.659521 0.18125 0.140918
