5 0.934619 0.3354 0.130176 0.363574
5 0.95957 0.344385 0.0800781 0.0801758
5 0.906201 0.354297 0.059082 0.0787109
5 0.947705 0.26167 0.104004 0.0911133
5 0.962061 0.472803 0.075293 0.0206055
0 0.942676 0.45459 0.114062 0.0220703
5 0.953271 0.413574 0.0926758 0.0673828
0 0.950049 0.564795 0.0991211 0.118457
1 0.976367 0.715674 0.0464844 0.0893555
5 0.379199 0.373926 0.758398 0.747852
0 0.361719 0.18916 0.208008 0.0615234
7 0.44458 0.16709 0.279395 0.0566406
7 0.1875 0.30293 0.102344 0.0917969
6 0.32041 0.50459 0.0484375 0.0271484
0 0.233203 0.645947 0.107227 0.101465
5 0.403711 0.592334 0.516797 0.174902
2 0.228027 0.503027 0.136914 0.0865234
