7 0.749609 0.40835 0.152539 0.324707
7 0.597168 0.392334 0.246484 0.486426
7 0.303564 0.444873 0.234668 0.26748
7 0.430713 0.476562 0.210059 0.294336
5 0.28252 0.551953 0.0541016 0.0476562
5 0.592334 0.621875 0.0731445 0.231836
5 0.256104 0.601221 0.0354492 0.0588867
7 0.243457 0.728662 0.0607422 0.0512695
5 0.220703 0.668848 0.0367188 0.0710937
0 0.431787 0.772705 0.404785 0.438184
5 0.668213 0.820605 0.0610352 0.247656
0 0.370703 0.331201 0.0330078 0.0446289
5 0.392139 0.354785 0.0649414 0.0363281
5 0.456494 0.315625 0.0741211 0.0525391
