1 0.535107 0.611963 0.410449 0.395801
1 0.323877 0.888184 0.349707 0.222852
1 0.459229 0.949023 0.160449 0.101172
1 0.242676 0.661279 0.176367 0.328418
1 0.219727 0.712842 0.0412109 0.0374023
1 0.671045 0.490625 0.464551 0.430273
1 0.66416 0.476025 0.456836 0.39248
1 0.668945 0.494092 0.379492 0.296973
1 0.668848 0.461963 0.369531 0.320801
1 0.500732 0.540869 0.0719727 0.125293
2 0.764502 0.486621 0.0711914 0.0539063
1 0.645361 0.442432 0.300098 0.208301
1 0.517285 0.418359 0.16543 0.328711
1 0.645898 0.463965 0.179102 0.147461
1 0.74209 0.47373 0.0376953 0.0353516
1 0.33501 0.603662 0.0885742 0.229199
1 0.385205 0.533496 0.0510742 0.311133
1 0.42373 0.672656 0.0201172 0.0357422
1 0.419385 0.626855 0.0336914 0.125977
1 0.415527 0.541162 0.0433594 0.221191
1 0.331055 0.524316 0.0148437 0.0730469
1 0.315576 0.420996 0.0766602 0.201758
1 0.348047 0.456152 0.0369141 0.119336
0 0.363574 0.473877 0.0654297 0.156738
1 0.430957 0.476855 0.0964844 0.298242
1 0.447266 0.410205 0.0597656 0.161035
1 0.46167 0.32793 0.0950195 0.231836
