5 0.441602 0.553076 0.791406 0.729785
1 0.163037 0.728174 0.162402 0.175293
1 0.308447 0.791895 0.191699 0.110156
5 0.774365 0.356689 0.204395 0.286035
9 0.430322 0.466895 0.674121 0.917969
3 0.744678 0.278906 0.161426 0.180859
3 0.771924 0.508789 0.0711914 0.168945
3 0.845117 0.34917 0.105859 0.167285
3 0.743408 0.388428 0.111816 0.188184
3 0.751465 0.466211 0.0660156 0.0806641
3 0.854639 0.456641 0.0407227 0.202344
3 0.731689 0.762549 0.0600586 0.0741211
3 0.720215 0.800293 0.239063 0.304883
3 0.713477 0.773633 0.0642578 0.0882813
3 0.696338 0.782422 0.0463867 0.0873047
