1 0.863281 0.550244 0.272852 0.365332
1 0.0125488 0.240283 0.0250977 0.0887695
1 0.339258 0.271191 0.119727 0.109375
1 0.823877 0.420117 0.170996 0.116602
1 0.591064 0.223779 0.530762 0.304785
1 0.12627 0.293066 0.248633 0.245312
1 0.788184 0.478223 0.125977 0.0808594
1 0.662549 0.40415 0.238379 0.127246
1 0.208691 0.375244 0.0806641 0.0897461
7 0.0952148 0.548047 0.19043 0.576172
7 0.463477 0.616943 0.826367 0.640137
7 0.124023 0.0728027 0.248047 0.145605
1 0.0239746 0.127686 0.0479492 0.0768555
1 0.332373 0.658203 0.38291 0.163672
1 0.364209 0.781592 0.424902 0.29541
