7 0.444873 0.288672 0.268848 0.253516
7 0.555615 0.507764 0.806738 0.378027
5 0.41582 0.660498 0.140625 0.0540039
7 0.250635 0.522314 0.0579102 0.0850586
7 0.317432 0.547314 0.0670898 0.14541
7 0.461963 0.571436 0.17041 0.0538086
5 0.502832 0.634961 0.27832 0.117578
5 0.584668 0.593701 0.147266 0.0889648
1 0.670557 0.552441 0.17334 0.0605469
5 0.660889 0.638916 0.12041 0.0889648
5 0.376172 0.495996 0.0931641 0.0683594
5 0.275781 0.589844 0.0480469 0.0355469
5 0.487451 0.53125 0.0795898 0.0546875
5 0.418164 0.414014 0.0972656 0.0520508
7 0.245605 0.474219 0.107031 0.0664062
0 0.674854 0.681445 0.0598633 0.0238281
