0 0.0568848 0.480713 0.11377 0.162402
0 0.166016 0.453564 0.113086 0.139355
0 0.244775 0.949658 0.228223 0.0729492
0 0.121045 0.799121 0.24209 0.294141
7 0.132324 0.660303 0.117773 0.180762
0 0.349023 0.590039 0.216602 0.126953
5 0.138916 0.568164 0.0555664 0.0322266
5 0.0958008 0.558105 0.0929688 0.0736328
0 0.121338 0.622754 0.234082 0.0818359
5 0.391895 0.408984 0.523828 0.379492
7 0.223438 0.643018 0.110156 0.0969727
0 0.738477 0.214893 0.291016 0.209082
0 0.313379 0.461377 0.351562 0.268066
5 0.40332 0.706494 0.600195 0.419434
0 0.693066 0.378125 0.289648 0.375781
0 0.302734 0.776758 0.329688 0.269336
7 0.462598 0.892334 0.392188 0.214746
