0 0.273975 0.224023 0.177832 0.180273
0 0.264258 0.0800293 0.252734 0.160059
6 0.393896 0.267236 0.14834 0.180566
6 0.533447 0.272656 0.0381836 0.0916016
6 0.468848 0.275684 0.152539 0.127344
6 0.70459 0.398096 0.194922 0.295605
6 0.638135 0.47085 0.204395 0.31084
6 0.524951 0.500879 0.263184 0.406445
6 0.37959 0.578906 0.351953 0.461328
6 0.288086 0.68916 0.254688 0.517188
0 0.491504 0.519482 0.50293 0.56416
0 0.136035 0.770996 0.27207 0.456055
0 0.174756 0.700195 0.0483398 0.0162109
0 0.100977 0.574951 0.0357422 0.022168
