7 0.252734 0.615869 0.257422 0.409082
7 0.402393 0.719385 0.29834 0.55459
7 0.728613 0.319238 0.145313 0.353516
7 0.712207 0.790332 0.302344 0.269141
7 0.579492 0.440137 0.50918 0.517188
7 0.777881 0.249023 0.0741211 0.230859
1 0.405518 0.181348 0.0913086 0.153125
1 0.474951 0.0897949 0.0481445 0.0327148
1 0.461816 0.127686 0.0248047 0.0450195
7 0.4521 0.15083 0.108105 0.149512
5 0.382666 0.240918 0.0426758 0.0347656
1 0.506689 0.155713 0.201855 0.23877
0 0.757861 0.223535 0.0518555 0.0787109
0 0.595996 0.0987305 0.0109375 0.197461
0 0.401074 0.266211 0.0376953 0.114453
0 0.479736 0.602832 0.0354492 0.0304687
