3 0.611426 0.50249 0.0753906 0.109082
7 0.722021 0.438721 0.147168 0.046582
7 0.711963 0.491357 0.216895 0.118066
7 0.730664 0.701562 0.473242 0.356445
5 0.753809 0.761377 0.0505859 0.0416992
5 0.797461 0.783643 0.0386719 0.0463867
7 0.482178 0.501367 0.165332 0.149023
1 0.280713 0.524023 0.333301 0.219727
7 0.33252 0.685986 0.426953 0.25791
0 0.200928 0.584277 0.0803711 0.100195
1 0.24585 0.455664 0.311816 0.186719
5 0.73501 0.773682 0.100879 0.0915039
5 0.749365 0.691406 0.127637 0.137695
3 0.659717 0.476465 0.0469727 0.0228516
3 0.770654 0.47373 0.0426758 0.0183594
