9 0.276855 0.97998 0.206836 0.0392578
9 0.783252 0.736523 0.231934 0.526172
9 0.333203 0.934375 0.314063 0.130273
9 0.326855 0.882812 0.29043 0.0792969
9 0.32749 0.802881 0.287988 0.203809
9 0.343164 0.662158 0.295312 0.172363
9 0.775879 0.254688 0.274805 0.509375
9 0.650391 0.731445 0.138477 0.536328
9 0.336963 0.608447 0.266504 0.14502
9 0.355713 0.521631 0.293457 0.14873
9 0.372705 0.29209 0.303027 0.187109
9 0.382031 0.0547363 0.307031 0.109473
9 0.372412 0.131934 0.293848 0.263867
9 0.372998 0.410107 0.317676 0.189551
9 0.539502 0.748193 0.162402 0.502832
9 0.592578 0.245898 0.182031 0.491797
