0 0.657373 0.0210938 0.110449 0.0421875
7 0.545117 0.0398926 0.0863281 0.056543
5 0.624609 0.0326172 0.123633 0.0533203
0 0.545264 0.070166 0.0508789 0.0217773
7 0.593262 0.163428 0.265234 0.254004
0 0.602881 0.0227051 0.084668 0.0454102
0 0.616064 0.368213 0.341895 0.233887
0 0.767041 0.514258 0.154395 0.0578125
0 0.764404 0.493945 0.147168 0.0697266
7 0.495215 0.450977 0.172266 0.0716797
7 0.512354 0.437354 0.0961914 0.0161133
7 0.650293 0.575684 0.0849609 0.147852
7 0.744434 0.596094 0.143555 0.161914
1 0.60752 0.593164 0.0529297 0.110352
1 0.379102 0.826953 0.458008 0.253516
0 0.545117 0.821191 0.0658203 0.0421875
1 0.542529 0.781641 0.0856445 0.0230469
1 0.58418 0.798096 0.0181641 0.103223
1 0.476514 0.713135 0.290332 0.141113
1 0.383594 0.789795 0.263867 0.093457
1 0.517383 0.496924 0.206641 0.084082
1 0.244189 0.751807 0.0922852 0.0731445
1 0.354346 0.795361 0.121387 0.0446289
2 0.300244 0.80459 0.0456055 0.0228516
2 0.354004 0.783789 0.0611328 0.0669922
0 0.418994 0.795947 0.0541992 0.0483398
1 0.45542 0.790771 0.062207 0.0592773
1 0.468115 0.816357 0.0446289 0.0116211
0 0.374023 0.778809 0.0978516 0.0818359
0 0.373877 0.755176 0.111426 0.0267578
1 0.367383 0.615527 0.484766 0.301563
