5 0.468115 0.67002 0.0602539 0.0734375
5 0.196826 0.794775 0.0731445 0.155762
5 0.248633 0.813525 0.123242 0.178613
5 0.230078 0.563525 0.327148 0.232129
5 0.247998 0.940527 0.13291 0.114453
5 0.270068 0.700928 0.11709 0.0856445
5 0.487109 0.625 0.104688 0.147461
5 0.37002 0.473682 0.374023 0.420996
5 0.42085 0.325195 0.0391602 0.0333984
5 0.486377 0.354834 0.105176 0.0879883
0 0.461377 0.367773 0.0741211 0.0992187
5 0.511572 0.43833 0.0206055 0.0579102
5 0.567871 0.465918 0.107422 0.213672
5 0.357568 0.730762 0.20166 0.464258
5 0.473975 0.77793 0.173145 0.188867
5 0.630908 0.5646 0.177051 0.416309
1 0.679346 0.267578 0.0610352 0.0701172
5 0.904248 0.129346 0.0288086 0.0383789
7 0.97168 0.121826 0.0560547 0.112793
1 0.984717 0.204639 0.0299805 0.062793
1 0.96958 0.234814 0.0602539 0.158105
1 0.82793 0.233008 0.253516 0.362109
1 0.679834 0.118164 0.129004 0.122656
2 0.803906 0.138867 0.180273 0.231445
1 0.551367 0.342236 0.394336 0.0833008
5 0.443604 0.266162 0.464551 0.107129
0 0.393457 0.294482 0.0478516 0.0545898
5 0.515381 0.15625 0.443457 0.213281
1 0.859961 0.340479 0.152539 0.102832
1 0.857422 0.42373 0.284766 0.311133
5 0.737988 0.431543 0.101953 0.510547
0 0.84082 0.447754 0.135937 0.0873047
