0 0.499902 0.499854 0.999805 0.999707
4 0.905859 0.94126 0.0525391 0.116895
4 0.698438 0.976416 0.0800781 0.046582
4 0.784766 0.941113 0.136719 0.117188
4 0.761768 0.987256 0.116504 0.0249023
4 0.664404 0.923486 0.172949 0.152441
4 0.430029 0.955859 0.128223 0.0876953
4 0.525977 0.933447 0.263281 0.13252
4 0.122803 0.931689 0.134082 0.136035
4 0.275684 0.930273 0.218555 0.138867
5 0.227246 0.808594 0.267773 0.181445
4 0.618262 0.811084 0.160547 0.149316
4 0.555713 0.779053 0.575488 0.216699
4 0.232471 0.638477 0.450098 0.198828
4 0.0173828 0.770996 0.0347656 0.132227
4 0.0647949 0.859961 0.12959 0.279492
