1 0.502832 0.478809 0.46582 0.385156
1 0.692969 0.400391 0.0919922 0.175391
0 0.53501 0.294531 0.149902 0.164062
1 0.483691 0.397559 0.0582031 0.185742
0 0.568164 0.347363 0.117773 0.185547
0 0.515771 0.43374 0.113184 0.133887
0 0.533252 0.491895 0.0723633 0.0175781
1 0.455713 0.396973 0.0723633 0.175391
0 0.423291 0.411816 0.0405273 0.0722656
1 0.399023 0.449219 0.0498047 0.0703125
1 0.383057 0.341797 0.0862305 0.277734
0 0.446729 0.296436 0.0543945 0.0907227
1 0.379443 0.411475 0.031543 0.139746
7 0.357324 0.341455 0.155664 0.278027
5 0.456787 0.483447 0.0645508 0.0129883
0 0.498877 0.51084 0.0549805 0.0425781
0 0.501172 0.640967 0.0457031 0.0280273
7 0.0306641 0.492822 0.0613281 0.348926
1 0.611865 0.421973 0.137988 0.17168
