7 0.811768 0.531885 0.0545898 0.143848
7 0.787109 0.571289 0.0349609 0.0658203
2 0.173682 0.255664 0.104395 0.155469
1 0.179688 0.264355 0.0890625 0.110742
5 0.155762 0.165479 0.0992187 0.090918
7 0.449707 0.494824 0.268555 0.655078
7 0.695654 0.543994 0.299121 0.733496
7 0.667139 0.243408 0.0491211 0.0416992
7 0.599707 0.207324 0.101172 0.0681641
7 0.766357 0.23877 0.112598 0.0515625
7 0.669531 0.207031 0.0369141 0.0357422
7 0.720654 0.190039 0.0473633 0.0314453
1 0.212012 0.804443 0.307031 0.0512695
0 0.208398 0.751318 0.0724609 0.0918945
3 0.211768 0.889502 0.283691 0.220215
7 0.605518 0.21958 0.0776367 0.0541992
