7 0.0473633 0.00776367 0.0947266 0.0155273
7 0.0383301 0.227148 0.0766602 0.205664
7 0.114209 0.248633 0.0979492 0.0958984
6 0.233398 0.257275 0.249023 0.173926
6 0.128613 0.107617 0.257227 0.192773
6 0.117285 0.0065918 0.150781 0.0131836
6 0.316113 0.088623 0.194727 0.177246
7 0.531885 0.0289551 0.242285 0.0579102
7 0.714014 0.103857 0.106152 0.207715
6 0.132227 0.511621 0.231641 0.407422
6 0.244092 0.51123 0.196973 0.409375
6 0.381445 0.299316 0.09375 0.171289
6 0.30752 0.596094 0.15625 0.447461
6 0.389355 0.607275 0.206836 0.452051
6 0.479199 0.613867 0.0744141 0.360742
6 0.585352 0.618408 0.206836 0.337988
0 0.218213 0.510449 0.133887 0.406445
6 0.815381 0.49043 0.279004 0.605859
0 0.493896 0.374561 0.792871 0.0870117
7 0.569727 0.234131 0.435547 0.459668
0 0.971973 0.276514 0.0550781 0.0536133
0 0.0914551 0.626367 0.113379 0.154102
0 0.40376 0.756152 0.126465 0.0333984
0 0.724609 0.622461 0.0578125 0.343555
