7 0.0922852 0.661523 0.18457 0.432227
7 0.302344 0.572754 0.306055 0.55625
5 0.437598 0.521484 0.199609 0.231445
7 0.523926 0.642822 0.327148 0.404785
7 0.982471 0.459326 0.0344727 0.144824
7 0.82627 0.358643 0.223438 0.579004
7 0.769287 0.615723 0.283691 0.462305
7 0.653125 0.919824 0.216016 0.149805
7 0.59624 0.466455 0.125488 0.171582
7 0.288428 0.198389 0.201855 0.249316
7 0.464014 0.858301 0.146777 0.223828
0 0.218359 0.379004 0.0568359 0.172656
3 0.283057 0.314648 0.0741211 0.0472656
0 0.360937 0.386572 0.104883 0.167285
7 0.0182129 0.607178 0.0364258 0.191113
7 0.144482 0.457813 0.062793 0.0902344
