1 0.0882813 0.226221 0.176563 0.293652
7 0.157275 0.642871 0.217285 0.419336
0 0.373389 0.908594 0.134668 0.182227
0 0.324512 0.765332 0.0900391 0.13125
1 0.249805 0.900586 0.116602 0.198047
1 0.194092 0.518213 0.0444336 0.062793
7 0.325439 0.625342 0.292676 0.365723
7 0.585645 0.650439 0.234375 0.362402
7 0.459961 0.488916 0.22793 0.309863
1 0.267578 0.296289 0.396289 0.386914
7 0.84873 0.618701 0.277734 0.369043
5 0.351807 0.311133 0.0270508 0.0839844
1 0.287305 0.25376 0.171875 0.222559
5 0.868652 0.640771 0.10293 0.0870117
0 0.918066 0.641211 0.0662109 0.0820312
5 0.884229 0.680859 0.0977539 0.0291016
