7 0.908936 0.181934 0.181543 0.221484
7 0.693652 0.289941 0.612109 0.579883
6 0.69458 0.283398 0.537988 0.370312
7 0.138721 0.365234 0.277441 0.353906
6 0.529248 0.3771 0.662988 0.493848
1 0.353174 0.471875 0.486816 0.275586
1 0.436328 0.422607 0.223242 0.138379
2 0.279736 0.457861 0.096582 0.0500977
2 0.367041 0.465869 0.0999023 0.0637695
1 0.27915 0.487061 0.291699 0.0620117
6 0.371191 0.680908 0.530078 0.18877
0 0.491846 0.609082 0.171582 0.0808594
0 0.211133 0.667871 0.194141 0.0128906
0 0.498145 0.662012 0.262891 0.0433594
