4 0.175488 0.862061 0.350977 0.275098
6 0.285449 0.675439 0.183008 0.43291
6 0.366553 0.538672 0.187988 0.44707
6 0.504053 0.681543 0.14209 0.201758
6 0.447461 0.458887 0.293164 0.351562
6 0.463428 0.361963 0.0602539 0.0803711
7 0.535986 0.173096 0.259473 0.346191
1 0.565234 0.265039 0.115039 0.096875
0 0.721191 0.339795 0.206836 0.213965
0 0.677979 0.960596 0.163965 0.0780273
7 0.694336 0.609619 0.450195 0.674316
0 0.586035 0.680078 0.0386719 0.0472656
0 0.79502 0.981104 0.0285156 0.0370117
1 0.885352 0.399121 0.0890625 0.0773438
