5 0.477979 0.610596 0.799902 0.564941
0 0.841553 0.887158 0.316113 0.102637
0 0.863281 0.801172 0.0472656 0.0542969
5 0.259375 0.314844 0.242383 0.371289
1 0.195117 0.494531 0.0443359 0.0292969
5 0.33501 0.497217 0.265918 0.109082
5 0.647998 0.437402 0.128613 0.191211
7 0.630127 0.268701 0.474512 0.26709
5 0.758447 0.383691 0.137207 0.174609
7 0.768799 0.467627 0.0833008 0.0602539
7 0.684033 0.488525 0.172949 0.10791
7 0.374365 0.315479 0.0416992 0.0793945
7 0.473535 0.413379 0.308203 0.276562
7 0.824219 0.427734 0.0539063 0.10293
0 0.0270996 0.112549 0.0536133 0.0217773
