5 0.17998 0.274463 0.15918 0.0202148
7 0.0565918 0.322217 0.113184 0.113965
7 0.186621 0.408398 0.266211 0.283398
7 0.519531 0.141406 0.14668 0.282813
1 0.235107 0.132812 0.470215 0.265625
1 0.0837891 0.450586 0.167578 0.353906
1 0.0097168 0.435938 0.0194336 0.0841797
1 0.0356934 0.442529 0.0459961 0.0729492
7 0.773291 0.320752 0.452832 0.641504
0 0.632812 0.272021 0.127344 0.0458008
7 0.437598 0.503418 0.567383 0.491992
5 0.215479 0.313721 0.0483398 0.034082
1 0.184229 0.272656 0.0645508 0.0158203
1 0.593311 0.31582 0.0645508 0.0175781
0 0.688379 0.392285 0.0660156 0.114844
0 0.542969 0.681104 0.161719 0.0657227
0 0.597607 0.592578 0.184863 0.148633
0 0.436475 0.411865 0.152441 0.196582
