5 0.781348 0.201562 0.100977 0.219922
1 0.502979 0.240723 0.103223 0.219531
1 0.479883 0.309473 0.0386719 0.113086
7 0.429443 0.400439 0.127246 0.11377
7 0.27915 0.676611 0.315723 0.572754
1 0.661719 0.360107 0.337305 0.468262
1 0.67793 0.23833 0.200195 0.165723
7 0.510059 0.649365 0.276562 0.592285
1 0.567285 0.163135 0.111328 0.125293
0 0.207422 0.440186 0.111328 0.156738
5 0.444922 0.457373 0.0550781 0.122363
0 0.446484 0.4479 0.160742 0.0842773
1 0.644629 0.145996 0.106641 0.149805
1 0.561475 0.189795 0.0629883 0.111816
1 0.62085 0.238232 0.0493164 0.022168
1 0.60332 0.264551 0.0652344 0.0753906
1 0.619043 0.353271 0.0173828 0.046582
