1 0.840088 0.0586914 0.143066 0.117383
1 0.456445 0.0246582 0.152539 0.0493164
1 0.666846 0.0419922 0.290137 0.0839844
1 0.423486 0.82915 0.846973 0.340918
1 0.690332 0.765723 0.168945 0.0724609
1 0.88125 0.838086 0.237109 0.323047
1 0.919971 0.557324 0.159473 0.348828
1 0.902734 0.273291 0.193945 0.546582
1 0.93623 0.814111 0.126953 0.170605
1 0.97666 0.609668 0.0460938 0.0552734
1 0.957227 0.620654 0.0488281 0.0456055
1 0.859766 0.607764 0.0458984 0.11377
1 0.200439 0.057373 0.400293 0.114746
1 0.757471 0.743555 0.120996 0.0552734
1 0.0712891 0.413037 0.142578 0.263184
1 0.0597656 0.405811 0.119531 0.221582
1 0.488916 0.5104 0.699121 0.458691
1 0.52666 0.574902 0.681836 0.398438
1 0.567969 0.556592 0.464258 0.226855
1 0.497021 0.352197 0.922168 0.50459
1 0.40874 0.196387 0.81748 0.31875
