1 0.567139 0.665283 0.0469727 0.17041
1 0.68042 0.66333 0.274121 0.183301
1 0.587598 0.621143 0.0654297 0.0989258
1 0.60332 0.632666 0.0724609 0.0848633
1 0.588135 0.611133 0.0584961 0.0789062
1 0.715967 0.617676 0.177246 0.10293
1 0.682568 0.612012 0.240723 0.0900391
1 0.7125 0.285986 0.0267578 0.0793945
1 0.709814 0.281738 0.0208008 0.0589844
1 0.697852 0.467773 0.264844 0.407227
1 0.611426 0.378076 0.181836 0.381738
1 0.350049 0.424658 0.374707 0.430762
1 0.22832 0.585156 0.028125 0.0835937
1 0.368408 0.406738 0.349902 0.450391
1 0.219238 0.505273 0.0595703 0.222266
1 0.349854 0.389404 0.425879 0.472754
1 0.356348 0.390527 0.430859 0.466992
1 0.352295 0.3771 0.44873 0.453613
