7 0.838281 0.210596 0.188477 0.271777
1 0.717432 0.305713 0.119824 0.174902
1 0.828467 0.506592 0.34248 0.425879
7 0.18501 0.779541 0.209863 0.238379
7 0.269336 0.879492 0.167187 0.24043
7 0.162744 0.899121 0.116113 0.114453
2 0.0416016 0.887598 0.0578125 0.0992187
2 0.0979004 0.954492 0.077832 0.0658203
7 0.297705 0.464648 0.278027 0.640234
1 0.673096 0.506641 0.131934 0.0548828
5 0.319482 0.807666 0.037207 0.0426758
1 0.547949 0.707666 0.580078 0.444434
1 0.855615 0.362744 0.16416 0.0879883
2 0.799805 0.391357 0.0957031 0.0995117
5 0.889746 0.423486 0.111328 0.193457
