3 0.882861 0.394678 0.233887 0.789355
0 0.768115 0.360791 0.298145 0.361816
5 0.443701 0.551074 0.0932617 0.485156
4 0.557227 0.47915 0.125781 0.170605
4 0.632715 0.661377 0.151758 0.456348
4 0.498877 0.732275 0.135645 0.395801
2 0.311182 0.875146 0.194238 0.0975586
2 0.309473 0.85835 0.194922 0.0922852
2 0.308398 0.839941 0.197656 0.0925781
2 0.307568 0.821143 0.197949 0.0913086
2 0.306689 0.802881 0.199121 0.0879883
2 0.306055 0.782861 0.201367 0.0889648
2 0.304785 0.764063 0.202344 0.0863281
2 0.303809 0.74458 0.203906 0.0836914
2 0.303613 0.725244 0.203906 0.0813477
2 0.302441 0.705664 0.205078 0.0773438
2 0.302783 0.687354 0.206348 0.0756836
2 0.302539 0.667285 0.207813 0.0753906
2 0.302295 0.646191 0.209277 0.0753906
2 0.301416 0.626172 0.210059 0.0724609
2 0.301123 0.605762 0.21084 0.06875
2 0.300195 0.584375 0.213086 0.0681641
2 0.299707 0.564307 0.214062 0.0651367
2 0.299463 0.542285 0.216504 0.0654297
2 0.297754 0.521436 0.217969 0.062793
2 0.297607 0.499854 0.218262 0.0579102
2 0.297021 0.477148 0.220996 0.0548828
2 0.296729 0.453516 0.222949 0.0539063
2 0.29541 0.430762 0.224219 0.0519531
2 0.29458 0.407275 0.225488 0.0493164
2 0.292871 0.383398 0.226172 0.0472656
2 0.29043 0.202539 0.228711 0.358789
