0 0.0429199 0.131592 0.0858398 0.263184
7 0.441455 0.446729 0.88291 0.546973
0 0.733887 0.589258 0.132422 0.154102
0 0.478906 0.619434 0.167187 0.198437
3 0.449902 0.482617 0.0654297 0.245703
0 0.505322 0.393359 0.0915039 0.160352
0 0.518896 0.636035 0.0620117 0.139844
0 0.532227 0.582324 0.0525391 0.0462891
6 0.553906 0.508594 0.254688 0.133594
6 0.596875 0.626807 0.173828 0.149121
3 0.731104 0.510205 0.087793 0.103809
7 0.41377 0.484912 0.0597656 0.172949
0 0.47915 0.308887 0.0391602 0.144141
6 0.572607 0.258789 0.22002 0.0949219
6 0.760449 0.261279 0.158203 0.13623
5 0.233789 0.373291 0.112891 0.170605
0 0.335156 0.411572 0.136133 0.345605
0 0.35625 0.383057 0.0726563 0.204004
0 0.401758 0.602051 0.201367 0.180859
0 0.205762 0.35249 0.264648 0.353223
0 0.219238 0.269287 0.0412109 0.0618164
