0 0.337012 0.376855 0.0390625 0.0166016
0 0.957715 0.50542 0.0839844 0.0575195
0 0.895459 0.542676 0.208301 0.0248047
0 0.715234 0.679541 0.19707 0.0842773
0 0.716455 0.660107 0.258887 0.0795898
0 0.874707 0.589502 0.25 0.0694336
0 0.463623 0.747754 0.105176 0.0634766
0 0.201904 0.774463 0.0413086 0.0508789
0 0.059668 0.573438 0.0367188 0.0341797
0 0.130469 0.789746 0.0261719 0.0369141
2 0.521191 0.674707 0.142187 0.108398
2 0.335498 0.567236 0.238379 0.36709
0 0.588281 0.581006 0.0595703 0.0364258
0 0.670654 0.571338 0.110449 0.176855
2 0.599854 0.519092 0.130957 0.0897461
5 0.483789 0.476855 0.109766 0.22793
