1 0.537207 0.417334 0.260156 0.0985352
1 0.293311 0.49668 0.344629 0.246484
0 0.243945 0.524121 0.0919922 0.0490234
3 0.871924 0.257617 0.0274414 0.0251953
3 0.475 0.294287 0.0373047 0.0438477
3 0.460791 0.326904 0.0291992 0.0305664
3 0.485352 0.393359 0.0378906 0.0292969
3 0.284473 0.497754 0.109961 0.0900391
3 0.401025 0.334668 0.0237305 0.0291016
3 0.58877 0.286133 0.0751953 0.0449219
3 0.386035 0.365479 0.0341797 0.0338867
3 0.373535 0.333154 0.0462891 0.0321289
3 0.366943 0.34624 0.0399414 0.0379883
3 0.255957 0.388184 0.0853516 0.0355469
3 0.298291 0.350635 0.11748 0.0442383
3 0.0876953 0.499512 0.0660156 0.0623047
3 0.122949 0.482129 0.0804688 0.0544922
3 0.626465 0.339453 0.0804688 0.0681641
3 0.611865 0.37251 0.0801758 0.0319336
3 0.588379 0.387939 0.0541016 0.0362305
3 0.549951 0.389697 0.046582 0.0358398
3 0.586523 0.352734 0.0498047 0.0449219
3 0.538965 0.267139 0.0402344 0.0381836
3 0.590527 0.264502 0.0931641 0.0633789
3 0.507373 0.273047 0.0448242 0.0291016
3 0.536328 0.298389 0.0980469 0.0325195
3 0.543506 0.327881 0.093457 0.0325195
3 0.519775 0.346729 0.106738 0.0676758
3 0.152295 0.523438 0.153027 0.0958984
3 0.0405273 0.482617 0.0810547 0.0621094
3 0.0837891 0.448877 0.0703125 0.0418945
3 0.145068 0.44043 0.0743164 0.0666016
3 0.197217 0.442773 0.0807617 0.0722656
3 0.187646 0.406152 0.0610352 0.040625
3 0.234277 0.426367 0.0720703 0.0662109
3 0.393115 0.313525 0.0338867 0.0208008
3 0.428125 0.318262 0.0425781 0.0566406
3 0.486816 0.364941 0.10332 0.05625
3 0.393066 0.414404 0.131055 0.0518555
3 0.32832 0.433203 0.13457 0.0642578
9 0.300049 0.448633 0.103027 0.0666016
9 0.3271 0.37998 0.107324 0.0511719
3 0.435059 0.377051 0.0894531 0.0587891
3 0.828662 0.272559 0.0670898 0.0451172
1 0.0348633 0.634521 0.0697266 0.0807617
3 0.0571289 0.593555 0.113672 0.0347656
