0 0.362598 0.423389 0.168359 0.0629883
0 0.524121 0.291162 0.195117 0.0793945
3 0.113477 0.917236 0.116406 0.0979492
5 0.874658 0.267725 0.137598 0.148535
5 0.880615 0.383057 0.158691 0.0969727
5 0.74668 0.213428 0.263867 0.164941
5 0.855957 0.238232 0.0625 0.0379883
3 0.895313 0.232764 0.0638672 0.0418945
0 0.93291 0.320752 0.133594 0.310059
0 0.79502 0.319336 0.102539 0.123242
0 0.781934 0.407178 0.0916016 0.0950195
5 0.73877 0.202197 0.287695 0.135449
3 0.524365 0.34707 0.470605 0.199609
0 0.871973 0.564209 0.255273 0.302051
0 0.654395 0.387646 0.195117 0.22373
0 0.691016 0.307666 0.0419922 0.0756836
0 0.814551 0.591992 0.18457 0.223242
5 0.731152 0.568213 0.0291016 0.0942383
3 0.201221 0.417676 0.18291 0.113086
5 0.236279 0.534961 0.19873 0.185547
0 0.381592 0.499023 0.175293 0.207813
3 0.0223145 0.56499 0.0446289 0.222754
0 0.196582 0.656201 0.393164 0.457324
0 0.563818 0.704346 0.357129 0.537207
0 0.684717 0.170605 0.0956055 0.0753906
3 0.023291 0.816846 0.046582 0.0924805
