7 0.302246 0.518799 0.16543 0.138184
7 0.470312 0.625781 0.0681641 0.148438
7 0.368701 0.608594 0.182324 0.451367
7 0.869043 0.552197 0.150781 0.312793
7 0.674561 0.49209 0.396777 0.513867
7 0.567725 0.825439 0.25498 0.226855
7 0.223486 0.725342 0.170605 0.388574
7 0.433936 0.526953 0.15498 0.25957
7 0.390625 0.392139 0.12207 0.150098
0 0.404639 0.304688 0.0647461 0.122656
0 0.408057 0.201367 0.0235352 0.106445
0 0.516309 0.0225098 0.0957031 0.0450195
0 0.508838 0.0588867 0.119824 0.117773
0 0.552637 0.103369 0.0357422 0.0426758
