2 0.645215 0.650781 0.0275391 0.0443359
7 0.308789 0.379248 0.0550781 0.0985352
1 0.199561 0.500879 0.117285 0.180273
1 0.278809 0.556982 0.155273 0.0790039
7 0.186133 0.60415 0.0394531 0.0713867
7 0.698242 0.356934 0.161914 0.157031
1 0.807031 0.50332 0.193945 0.248047
7 0.681885 0.52876 0.224902 0.292285
7 0.559375 0.379736 0.140625 0.200684
7 0.492725 0.431494 0.134668 0.120996
7 0.843115 0.342773 0.0731445 0.0902344
1 0.810742 0.386572 0.112109 0.0899414
1 0.846973 0.421289 0.0724609 0.0363281
7 0.494971 0.601318 0.303027 0.31709
1 0.287305 0.702002 0.117773 0.115723
1 0.267188 0.608301 0.153516 0.0611328
7 0.266992 0.614062 0.153516 0.101172
6 0.208203 0.40752 0.0865234 0.13125
0 0.172607 0.410742 0.0114258 0.05625
0 0.197119 0.418164 0.0381836 0.0591797
7 0.293262 0.456885 0.0880859 0.143848
0 0.167432 0.462793 0.0436523 0.0982422
7 0.804688 0.376172 0.0523438 0.0267578
