6 0.69834 0.109277 0.121289 0.218555
6 0.70835 0.2396 0.25498 0.479199
6 0.765967 0.367383 0.46748 0.734766
6 0.831934 0.00844727 0.0890625 0.0168945
6 0.450049 0.798633 0.384668 0.402148
6 0.37251 0.6354 0.27627 0.282715
6 0.368799 0.469238 0.214746 0.205664
0 0.348535 0.541699 0.254688 0.265234
6 0.285254 0.245508 0.349219 0.475195
0 0.796729 0.486426 0.0379883 0.126953
0 0.894482 0.336475 0.0538086 0.0704102
0 0.834717 0.202832 0.160449 0.311133
0 0.944043 0.0799805 0.0955078 0.154102
0 0.289648 0.299561 0.339258 0.350488
