7 0.857617 0.101416 0.11543 0.0436523
7 0.788916 0.131738 0.0750977 0.0476562
7 0.532227 0.156055 0.0691406 0.0292969
7 0.484619 0.278955 0.270801 0.257715
0 0.39585 0.189014 0.0827148 0.0858398
1 0.486279 0.193408 0.0803711 0.0456055
3 0.187646 0.455225 0.056543 0.0379883
7 0.242041 0.588281 0.359082 0.383398
1 0.812305 0.615674 0.0519531 0.0483398
7 0.548877 0.415137 0.245996 0.188477
1 0.515186 0.349609 0.0422852 0.0275391
1 0.498535 0.375732 0.0777344 0.0407227
1 0.611133 0.379004 0.0515625 0.0228516
1 0.538672 0.669531 0.55293 0.45957
0 0.634424 0.675732 0.149121 0.14209
7 0.0342773 0.400928 0.0486328 0.0235352
