1 0.760205 0.629834 0.0932617 0.0493164
1 0.762109 0.603662 0.0515625 0.0670898
1 0.800244 0.7854 0.208105 0.105176
1 0.53374 0.758789 0.573926 0.290039
1 0.739697 0.58999 0.0428711 0.0331055
1 0.751709 0.527246 0.0584961 0.102148
1 0.765625 0.520312 0.0708984 0.0234375
1 0.449609 0.537891 0.595703 0.239063
1 0.315869 0.0844727 0.0711914 0.0816406
1 0.465625 0.340771 0.504687 0.489746
1 0.575195 0.326221 0.0853516 0.0135742
1 0.635449 0.264209 0.351172 0.120996
1 0.490137 0.231982 0.0810547 0.104785
0 0.516064 0.577344 0.0756836 0.0515625
0 0.399268 0.769629 0.0188477 0.271484
1 0.715918 0.709863 0.0458984 0.12207
1 0.700977 0.685156 0.0175781 0.0734375
1 0.787061 0.710303 0.0225586 0.0489258
5 0.975781 0.453174 0.0478516 0.133887
