5 0.734375 0.971436 0.0525391 0.056543
7 0.732471 0.852344 0.21748 0.159766
7 0.572412 0.684717 0.325879 0.412402
7 0.93916 0.521729 0.121289 0.299316
7 0.815381 0.625 0.323145 0.345898
1 0.878418 0.783398 0.126953 0.105859
1 0.61875 0.94043 0.19043 0.118359
1 0.428467 0.28623 0.432324 0.494336
1 0.248535 0.636377 0.430078 0.506934
0 0.062793 0.767041 0.0679687 0.0459961
1 0.347705 0.602246 0.0491211 0.18125
1 0.301123 0.474219 0.225684 0.37168
5 0.288574 0.41001 0.0910156 0.0918945
0 0.638281 0.857812 0.0816406 0.0767578
