1 0.198926 0.361914 0.0486328 0.0419922
7 0.175488 0.601855 0.0304687 0.0390625
1 0.72251 0.334766 0.0446289 0.0320312
1 0.69707 0.28374 0.0339844 0.0383789
1 0.400146 0.924414 0.104395 0.137891
1 0.354541 0.908887 0.0686523 0.0638672
7 0.288721 0.879639 0.0307617 0.115723
5 0.277148 0.690186 0.0488281 0.0555664
1 0.295166 0.706836 0.0401367 0.0638672
1 0.291357 0.748877 0.0444336 0.0823242
5 0.537988 0.919922 0.144336 0.159375
5 0.609961 0.830469 0.0394531 0.0558594
5 0.644141 0.879932 0.0595703 0.096582
5 0.717725 0.855029 0.046582 0.056543
6 0.659521 0.609473 0.0545898 0.0601563
1 0.645605 0.708203 0.104688 0.185547
1 0.595117 0.563428 0.0697266 0.062793
1 0.840479 0.569922 0.199902 0.202734
2 0.809814 0.461377 0.0719727 0.0450195
6 0.862793 0.467578 0.120508 0.0601563
1 0.90498 0.365527 0.0486328 0.0320312
1 0.970605 0.497656 0.0423828 0.0363281
0 0.946533 0.346533 0.0547852 0.0541992
1 0.982227 0.434326 0.0349609 0.0499023
7 0.97373 0.378516 0.0460938 0.0625
1 0.679541 0.268213 0.0536133 0.0469727
1 0.626318 0.365625 0.0547852 0.0367188
1 0.650488 0.385742 0.0396484 0.0591797
7 0.660889 0.438379 0.240332 0.11875
7 0.751074 0.339795 0.0671875 0.0842773
1 0.58833 0.430908 0.0188477 0.0370117
1 0.437402 0.5271 0.355859 0.374316
1 0.207568 0.539404 0.113574 0.175293
1 0.287939 0.542676 0.160254 0.0925781
1 0.388281 0.443799 0.339062 0.212988
1 0.349365 0.406738 0.425879 0.352539
1 0.361035 0.296777 0.331641 0.353516
7 0.465576 0.697949 0.278809 0.391211
7 0.388525 0.589453 0.0666992 0.0935547
7 0.604248 0.105762 0.084082 0.109766
