5 0.0365723 0.605762 0.0731445 0.0601563
5 0.0362305 0.594922 0.0724609 0.0476562
5 0.0356934 0.590625 0.0713867 0.0482422
5 0.0349609 0.58252 0.0699219 0.0558594
7 0.0744141 0.242236 0.0525391 0.0584961
7 0.0322266 0.286084 0.0644531 0.0985352
7 0.124121 0.341504 0.248242 0.313867
7 0.313721 0.305762 0.165723 0.226562
7 0.154834 0.50415 0.174316 0.220605
7 0.584814 0.458545 0.0887695 0.056543
7 0.472168 0.332373 0.168945 0.267871
7 0.375586 0.385596 0.0791016 0.0833008
7 0.408105 0.497852 0.0900391 0.177539
7 0.271826 0.574707 0.269824 0.373633
1 0.583984 0.482617 0.0826172 0.0796875
1 0.503076 0.466064 0.10791 0.167676
2 0.5479 0.568604 0.087793 0.0426758
7 0.440234 0.605762 0.199414 0.31875
5 0.687256 0.447949 0.109668 0.0830078
6 0.792578 0.619189 0.378711 0.407715
1 0.850391 0.470703 0.119336 0.13125
1 0.778223 0.495068 0.189453 0.122363
0 0.875293 0.61123 0.0412109 0.0677734
7 0.873877 0.57124 0.0711914 0.0750977
1 0.792041 0.578223 0.158496 0.139258
0 0.791602 0.608447 0.37793 0.196387
