1 0.891162 0.569336 0.216895 0.172852
3 0.567285 0.252881 0.0902344 0.0924805
1 0.727539 0.346191 0.383594 0.299609
1 0.75498 0.492188 0.111133 0.0304687
1 0.542139 0.452197 0.417676 0.349902
5 0.531738 0.369678 0.0978516 0.0473633
3 0.593555 0.39126 0.0648438 0.0389648
7 0.444287 0.33208 0.0737305 0.0536133
7 0.4729 0.343799 0.0952148 0.0481445
5 0.475391 0.362842 0.0816406 0.0426758
3 0.655713 0.430225 0.0555664 0.031543
3 0.583643 0.422412 0.096582 0.037207
5 0.496143 0.391602 0.0446289 0.0292969
5 0.550732 0.386572 0.0803711 0.0518555
7 0.253369 0.53623 0.274512 0.254492
