5 0.115576 0.537744 0.231152 0.366113
6 0.281055 0.600488 0.160742 0.110156
4 0.144043 0.620752 0.237109 0.170605
5 0.146045 0.402783 0.200098 0.13291
5 0.197607 0.415332 0.0737305 0.112891
2 0.140576 0.415186 0.124316 0.0913086
7 0.357324 0.417187 0.286719 0.30957
6 0.228369 0.694824 0.155762 0.0984375
5 0.187646 0.676758 0.0651367 0.0707031
4 0.332959 0.660205 0.0661133 0.0600586
0 0.639355 0.639795 0.0796875 0.0538086
5 0.0993652 0.75459 0.19873 0.11582
4 0.853564 0.470215 0.158105 0.112109
5 0.915137 0.584424 0.168945 0.189746
5 0.750488 0.705859 0.430859 0.260937
5 0.41333 0.739453 0.437793 0.206055
5 0.407568 0.465625 0.286035 0.435742
5 0.902979 0.428857 0.193457 0.122559
5 0.772998 0.334375 0.0717773 0.0927734
5 0.758057 0.552051 0.200684 0.142383
2 0.629297 0.450537 0.363086 0.319238
5 0.290723 0.955713 0.0787109 0.0602539
