6 0.534912 0.482471 0.0768555 0.129004
1 0.162402 0.572266 0.238086 0.0572266
6 0.444092 0.404248 0.0766602 0.246387
6 0.244434 0.38457 0.0607422 0.0886719
6 0.387305 0.40293 0.319727 0.11543
6 0.382178 0.471729 0.303027 0.109473
6 0.34043 0.360449 0.138672 0.0886719
6 0.485352 0.312354 0.120508 0.145215
7 0.362061 0.526953 0.206348 0.225195
7 0.366211 0.295605 0.215039 0.154102
6 0.477539 0.675635 0.122266 0.171973
7 0.80459 0.848877 0.110156 0.0674805
7 0.693457 0.696875 0.341797 0.334961
5 0.0124023 0.439648 0.0248047 0.0777344
5 0.1354 0.181494 0.046582 0.109082
