1 0.425439 0.498193 0.0151367 0.0446289
1 0.462939 0.291797 0.0418945 0.0539063
7 0.0130371 0.320117 0.0260742 0.134961
7 0.0745117 0.481836 0.149023 0.265234
1 0.14834 0.646143 0.224219 0.259277
1 0.485693 0.673389 0.052832 0.0704102
1 0.340137 0.650977 0.322656 0.276758
1 0.469141 0.427539 0.0433594 0.0720703
1 0.151904 0.631104 0.115332 0.121387
1 0.441309 0.448047 0.0304687 0.0615234
1 0.505371 0.429102 0.0458984 0.0830078
1 0.476562 0.525 0.0910156 0.129297
1 0.921582 0.350049 0.15625 0.137207
1 0.787793 0.251807 0.123242 0.174316
1 0.302686 0.47749 0.32666 0.483496
1 0.940771 0.571289 0.118066 0.319141
1 0.61123 0.235059 0.328125 0.31875
1 0.590625 0.244434 0.193164 0.186523
1 0.580615 0.574121 0.147363 0.384961
1 0.743652 0.351221 0.153516 0.0575195
1 0.762256 0.537012 0.229395 0.284375
1 0.771924 0.470117 0.224902 0.303906
1 0.587842 0.393701 0.119043 0.118066
1 0.489893 0.822266 0.209863 0.288672
1 0.41792 0.323242 0.025293 0.0525391
