0 0.821387 0.46626 0.356445 0.424121
0 0.111426 0.383301 0.222852 0.407031
1 0.507422 0.748535 0.704688 0.302539
7 0.506104 0.77915 0.715918 0.36084
1 0.414551 0.757666 0.106836 0.047168
1 0.55293 0.754883 0.18457 0.126758
6 0.293604 0.689844 0.18584 0.11582
0 0.320801 0.728467 0.0376953 0.00947266
0 0.306689 0.729004 0.14248 0.0552734
1 0.439111 0.625098 0.61377 0.331641
0 0.584277 0.701416 0.034375 0.0610352
1 0.471729 0.338574 0.653809 0.649805
0 0.657227 0.29917 0.0552734 0.0924805
0 0.340137 0.1146 0.110156 0.0813477
