5 0.481885 0.278467 0.133887 0.158105
4 0.94043 0.553711 0.118555 0.250977
6 0.910352 0.882617 0.132227 0.130273
0 0.557178 0.735303 0.093457 0.118066
2 0.395117 0.410889 0.270313 0.368066
2 0.361816 0.726172 0.237109 0.275781
7 0.645117 0.836475 0.25 0.137207
7 0.598633 0.931543 0.220508 0.0945312
0 0.523535 0.963916 0.0902344 0.0713867
5 0.871729 0.919189 0.24502 0.161035
0 0.94502 0.878271 0.109375 0.150098
0 0.803564 0.5354 0.244043 0.421973
5 0.970703 0.424805 0.0580078 0.202734
2 0.229443 0.389551 0.196973 0.251367
5 0.658008 0.265332 0.180078 0.302539
0 0.564453 0.245898 0.0773438 0.11543
1 0.371973 0.46084 0.176563 0.230469
2 0.675928 0.609766 0.280957 0.345898
5 0.767773 0.518018 0.181836 0.24834
1 0.747754 0.975146 0.0322266 0.0489258
