7 0.569434 0.420996 0.0751953 0.0269531
7 0.838428 0.557422 0.256934 0.118555
0 0.879492 0.696631 0.240234 0.199707
7 0.306543 0.741113 0.147461 0.110937
7 0.378906 0.482275 0.276562 0.242676
7 0.588623 0.417773 0.10459 0.0328125
1 0.562109 0.477295 0.183789 0.0967773
1 0.689697 0.505225 0.0567383 0.0692383
1 0.582275 0.643311 0.457129 0.355957
1 0.372168 0.551514 0.0539063 0.081543
1 0.606982 0.494434 0.0432617 0.0410156
1 0.530273 0.510791 0.155273 0.0950195
1 0.651953 0.513379 0.0449219 0.0199219
1 0.484717 0.56416 0.175293 0.0474609
1 0.470801 0.632812 0.208789 0.145508
1 0.642725 0.56123 0.154004 0.121289
1 0.504883 0.652539 0.129102 0.0753906
1 0.597607 0.624658 0.132324 0.0918945
