7 0.709766 0.523291 0.19043 0.383887
7 0.548193 0.61167 0.271582 0.528809
1 0.293115 0.757227 0.417676 0.484766
1 0.319678 0.543311 0.0530273 0.0780273
1 0.219531 0.722412 0.355664 0.284082
1 0.365479 0.673145 0.152051 0.0777344
2 0.345898 0.773486 0.114844 0.240723
1 0.574072 0.343262 0.0399414 0.0787109
1 0.581787 0.330518 0.0520508 0.0836914
1 0.628516 0.309961 0.0724609 0.0902344
1 0.677588 0.325586 0.0416992 0.0929688
1 0.68457 0.319482 0.0367188 0.0985352
2 0.632178 0.334961 0.068457 0.0853516
1 0.601807 0.370361 0.0444336 0.0422852
2 0.630859 0.379785 0.0359375 0.0248047
1 0.117578 0.745361 0.111133 0.153418
1 0.181592 0.813135 0.0407227 0.0336914
1 0.170361 0.718115 0.0704102 0.190137
1 0.195557 0.758789 0.0170898 0.0710937
1 0.193701 0.683252 0.0401367 0.125684
1 0.226953 0.719043 0.0902344 0.219922
1 0.266797 0.766992 0.168945 0.204687
2 0.251855 0.757568 0.0542969 0.096582
2 0.286133 0.763672 0.0835937 0.105469
1 0.372168 0.785693 0.078125 0.140918
1 0.298486 0.56084 0.0379883 0.0462891
5 0.488281 0.408594 0.0708984 0.0849609
5 0.535254 0.419141 0.125977 0.0658203
5 0.506934 0.437842 0.0589844 0.074707
5 0.459717 0.482129 0.0979492 0.131641
1 0.489746 0.805078 0.0578125 0.0691406
