1 0.268066 0.465918 0.0916016 0.189258
6 0.500342 0.584229 0.384277 0.250293
6 0.523047 0.465527 0.430273 0.273828
6 0.575342 0.37041 0.370996 0.220508
1 0.356445 0.661377 0.286328 0.234863
5 0.634131 0.666016 0.138574 0.197656
3 0.749854 0.778271 0.19541 0.239551
3 0.836328 0.575293 0.326758 0.289453
5 0.889111 0.428223 0.0545898 0.0330078
5 0.87373 0.473047 0.0939453 0.0294922
5 0.851367 0.522168 0.0353516 0.0175781
0 0.864111 0.808008 0.271191 0.25293
7 0.941504 0.727686 0.116406 0.329395
5 0.141553 0.112012 0.271777 0.0707031
5 0.142041 0.0493652 0.274121 0.0987305
