7 0.856934 0.431201 0.285742 0.394824
7 0.0867187 0.299951 0.0513672 0.158105
7 0.0625 0.228369 0.125 0.364746
7 0.107031 0.608984 0.214062 0.468555
7 0.245361 0.508252 0.336035 0.701074
0 0.131934 0.188379 0.0679687 0.0433594
0 0.138525 0.230469 0.0454102 0.0701172
7 0.202637 0.170166 0.0753906 0.0770508
7 0.690479 0.613965 0.155762 0.255664
7 0.801318 0.690771 0.278809 0.38623
2 0.727051 0.600537 0.0910156 0.111816
5 0.820654 0.605664 0.127441 0.204687
7 0.771143 0.6875 0.223926 0.135547
7 0.553174 0.418164 0.250293 0.286719
7 0.50127 0.580322 0.366602 0.566113
2 0.371875 0.37959 0.0488281 0.0667969
7 0.434473 0.359277 0.0332031 0.0419922
7 0.459717 0.318164 0.0389648 0.0972656
7 0.479688 0.336523 0.0441406 0.0605469
6 0.952783 0.601514 0.094043 0.138184
