7 0.146924 0.468555 0.192676 0.37832
7 0.263623 0.437842 0.056543 0.074707
7 0.343115 0.340625 0.138184 0.210938
7 0.350439 0.689453 0.27627 0.169336
7 0.502344 0.683154 0.127734 0.187793
0 0.341064 0.531201 0.279785 0.268848
7 0.69043 0.574512 0.0560547 0.13125
7 0.925635 0.586035 0.14834 0.265234
7 0.809863 0.732129 0.210547 0.296289
7 0.651953 0.746826 0.177344 0.295996
3 0.640967 0.273779 0.146582 0.333301
7 0.793213 0.452051 0.197949 0.282422
0 0.547217 0.406885 0.22002 0.587598
7 0.256104 0.688672 0.0766602 0.0763672
