7 0.0668457 0.669141 0.133691 0.377344
7 0.0790039 0.371191 0.158008 0.235742
6 0.371729 0.703857 0.250488 0.295996
0 0.368945 0.685547 0.242773 0.243359
6 0.20166 0.742822 0.172656 0.200684
0 0.225928 0.765918 0.119043 0.172656
7 0.0208496 0.465479 0.0416992 0.0631836
7 0.0994629 0.561377 0.181543 0.397168
7 0.317041 0.57793 0.0786133 0.217969
7 0.581299 0.617383 0.200879 0.272461
7 0.662061 0.488086 0.0924805 0.0886719
7 0.738965 0.693457 0.225977 0.438477
7 0.853125 0.578857 0.108594 0.0889648
7 0.712549 0.490918 0.0674805 0.0300781
7 0.676611 0.752002 0.0665039 0.0833008
7 0.693945 0.837842 0.105664 0.12334
7 0.542725 0.810449 0.118262 0.202344
7 0.597314 0.78418 0.133691 0.163672
7 0.656299 0.443994 0.0600586 0.0512695
1 0.557568 0.415479 0.185059 0.296582
7 0.456934 0.176904 0.046875 0.0536133
7 0.346387 0.349854 0.27207 0.240723
7 0.47002 0.276416 0.183008 0.199707
7 0.434277 0.139258 0.0560547 0.126367
7 0.229736 0.541992 0.199121 0.376367
5 0.167139 0.379785 0.0352539 0.0353516
7 0.155127 0.39248 0.115332 0.0634766
5 0.108936 0.403271 0.0729492 0.0512695
