0 0.205859 0.747705 0.0882813 0.111816
1 0.952832 0.615576 0.09375 0.166309
0 0.975732 0.684521 0.0317383 0.0489258
1 0.431445 0.439014 0.862891 0.171582
6 0.762646 0.658008 0.263379 0.298242
1 0.579443 0.574268 0.0245117 0.0532227
1 0.595215 0.719092 0.0972656 0.268848
0 0.617334 0.712598 0.0555664 0.144141
1 0.480957 0.533545 0.0746094 0.0499023
1 0.707178 0.637012 0.255176 0.293945
1 0.408496 0.701025 0.325391 0.328027
1 0.411914 0.715479 0.233594 0.12002
1 0.471973 0.580811 0.0615234 0.0823242
1 0.418066 0.624268 0.0984375 0.0799805
1 0.355078 0.718115 0.0632812 0.0704102
1 0.48335 0.672314 0.227637 0.156738
0 0.134814 0.890479 0.0250977 0.0541992
1 0.0285156 0.646143 0.0570312 0.287012
0 0.174658 0.821094 0.0481445 0.0443359
0 0.110889 0.751611 0.187988 0.148145
0 0.084668 0.810352 0.14707 0.158398
1 0.257324 0.48374 0.379688 0.420605
1 0.205127 0.553613 0.240527 0.308203
0 0.193848 0.485645 0.0671875 0.0949219
