1 0.726221 0.216455 0.207324 0.193457
1 0.749365 0.2354 0.111816 0.0866211
7 0.492627 0.193652 0.130176 0.139258
1 0.625488 0.349707 0.242578 0.346875
7 0.119043 0.352637 0.238086 0.401758
1 0.247852 0.529053 0.0835937 0.0780273
5 0.505371 0.389014 0.100977 0.0584961
1 0.512646 0.525781 0.209863 0.167969
7 0.216162 0.223926 0.263184 0.402148
5 0.672949 0.898682 0.235352 0.202051
5 0.145215 0.855957 0.193164 0.0896484
1 0.406494 0.707715 0.362598 0.390234
5 0.16875 0.948193 0.296875 0.102832
7 0.128467 0.66875 0.256934 0.456641
6 0.325928 0.306006 0.380957 0.44541
1 0.381787 0.586768 0.208105 0.334277
1 0.36084 0.547119 0.0837891 0.0875977
7 0.393848 0.537988 0.0570312 0.0482422
1 0.51499 0.451416 0.166895 0.0694336
7 0.657471 0.315527 0.165137 0.261914
7 0.780518 0.517383 0.285254 0.317773
2 0.738037 0.548828 0.0530273 0.0658203
5 0.700146 0.524805 0.0942383 0.114453
1 0.569336 0.374365 0.078125 0.0708008
0 0.55 0.357422 0.0552734 0.12168
1 0.306445 0.703223 0.0726563 0.0625
