7 0.594922 0.561523 0.0265625 0.06875
1 0.582666 0.511084 0.0280273 0.0499023
5 0.585107 0.508594 0.0233398 0.034375
5 0.569824 0.556348 0.0513672 0.0796875
7 0.54751 0.249512 0.213574 0.311133
1 0.652197 0.67002 0.115332 0.154102
7 0.775195 0.4354 0.109375 0.121387
7 0.780859 0.492383 0.0900391 0.18457
1 0.517529 0.844873 0.15752 0.232129
1 0.566602 0.686523 0.185742 0.240039
1 0.563086 0.7354 0.123242 0.112402
6 0.512451 0.691113 0.0620117 0.0667969
7 0.480908 0.828564 0.0520508 0.0870117
7 0.561182 0.819775 0.00869141 0.0331055
7 0.554199 0.824902 0.0146484 0.0400391
1 0.463965 0.780762 0.0201172 0.0720703
7 0.529785 0.857617 0.0550781 0.0300781
2 0.522168 0.831055 0.0716797 0.0476562
7 0.519482 0.767578 0.116309 0.117773
7 0.40874 0.370068 0.283691 0.391504
7 0.66875 0.466748 0.160938 0.272168
5 0.762256 0.651904 0.100488 0.0856445
