7 0.0367188 0.333057 0.0734375 0.0879883
7 0.0762695 0.518311 0.152539 0.354785
7 0.153125 0.505566 0.122266 0.181836
7 0.180176 0.215918 0.248242 0.431836
7 0.220117 0.477832 0.125781 0.144141
7 0.116455 0.755273 0.23291 0.323437
7 0.458887 0.719873 0.211328 0.25791
0 0.776123 0.474023 0.00869141 0.0505859
7 0.414404 0.455371 0.27334 0.392188
7 0.266895 0.666357 0.229687 0.403418
7 0.670605 0.621191 0.227148 0.403125
7 0.853711 0.755664 0.261914 0.488086
1 0.219043 0.556494 0.0248047 0.0575195
7 0.235156 0.429541 0.0744141 0.0661133
7 0.678711 0.342627 0.346484 0.587988
5 0.671094 0.0729492 0.132422 0.0929688
