7 0.817285 0.0211914 0.13457 0.0423828
7 0.741211 0.0250488 0.132617 0.0500977
1 0.908887 0.0874023 0.165039 0.0697266
7 0.68667 0.0876953 0.0717773 0.0662109
7 0.701855 0.0897949 0.0816406 0.0694336
1 0.735791 0.117139 0.103223 0.093457
7 0.444287 0.209668 0.309863 0.258203
5 0.371338 0.386426 0.096582 0.0818359
6 0.502295 0.375342 0.183887 0.20166
5 0.184814 0.300537 0.0694336 0.0649414
1 0.619678 0.658643 0.146191 0.108887
7 0.462109 0.584033 0.257617 0.131934
1 0.227686 0.65498 0.17959 0.131445
1 0.274463 0.614502 0.216309 0.17041
7 0.200391 0.699316 0.173242 0.129688
7 0.722705 0.585107 0.424902 0.323926
0 0.182178 0.256055 0.0112305 0.0488281
