5 0.686133 0.070752 0.0929688 0.141504
5 0.760791 0.142041 0.105371 0.0704102
2 0.831836 0.161426 0.101172 0.0853516
1 0.760938 0.32627 0.307031 0.336328
5 0.661572 0.33833 0.0280273 0.0661133
5 0.571826 0.259473 0.0235352 0.0572266
1 0.734375 0.458496 0.188477 0.192773
0 0.242285 0.0525879 0.244531 0.105176
0 0.528027 0.0975586 0.378516 0.195117
0 0.69292 0.777295 0.170605 0.205371
0 0.795508 0.678516 0.225977 0.226172
0 0.765918 0.55957 0.0853516 0.0886719
1 0.610889 0.418848 0.175098 0.367383
5 0.565625 0.136377 0.180273 0.200098
1 0.336914 0.610059 0.564258 0.460938
1 0.345459 0.610938 0.552051 0.572461
5 0.307031 0.338135 0.222266 0.170996
1 0.6875 0.591309 0.170117 0.126367
2 0.613965 0.306885 0.0746094 0.11377
0 0.721436 0.314502 0.0629883 0.0422852
0 0.55791 0.322412 0.479883 0.372363
3 0.605371 0.24751 0.0486328 0.0584961
0 0.697412 0.395361 0.0536133 0.0532227
5 0.747754 0.0399902 0.118555 0.0799805
5 0.749365 0.0798828 0.0612305 0.0796875
5 0.687988 0.0850098 0.0644531 0.0866211
7 0.332813 0.419336 0.267383 0.195117
