1 0.850879 0.624023 0.297656 0.646289
1 0.857764 0.398096 0.283691 0.668652
1 0.933984 0.257959 0.13125 0.515918
1 0.518896 0.566455 0.485449 0.46377
1 0.364795 0.508008 0.0555664 0.361328
1 0.544922 0.537842 0.37168 0.300879
1 0.551318 0.643359 0.329395 0.0615234
1 0.710352 0.590918 0.0390625 0.158008
1 0.541846 0.513232 0.32373 0.304785
2 0.539844 0.642969 0.303906 0.0533203
1 0.538037 0.629053 0.154785 0.0290039
1 0.63916 0.480322 0.19043 0.0979492
2 0.641846 0.47793 0.18252 0.236133
2 0.44043 0.455859 0.125 0.0376953
2 0.438184 0.462207 0.125 0.0359375
2 0.429932 0.524219 0.139551 0.150586
1 0.943408 0.493799 0.112402 0.11709
0 0.865869 0.292529 0.26748 0.444238
