0 0.50332 0.405469 0.0632812 0.107813
7 0.470264 0.676758 0.387402 0.391211
1 0.364941 0.348096 0.419922 0.409082
1 0.750928 0.270654 0.0520508 0.0651367
1 0.784814 0.150635 0.072168 0.12002
1 0.77876 0.221436 0.0600586 0.068457
1 0.825732 0.287305 0.0795898 0.0978516
2 0.836328 0.224365 0.0708984 0.0995117
1 0.981494 0.282764 0.0364258 0.0760742
1 0.921094 0.392041 0.157227 0.275488
2 0.882568 0.240039 0.0647461 0.0548828
1 0.885742 0.166309 0.22793 0.275781
7 0.901953 0.0874512 0.195703 0.174902
1 0.646143 0.28042 0.247559 0.372363
1 0.66084 0.229834 0.210547 0.295605
0 0.580957 0.168945 0.101953 0.0720703
0 0.725342 0.256641 0.0483398 0.135547
5 0.6625 0.229688 0.0660156 0.0611328
5 0.69541 0.240771 0.0412109 0.0436523
1 0.35083 0.493359 0.29541 0.287695
5 0.41709 0.442969 0.0458984 0.0400391
1 0.322314 0.594922 0.0692383 0.210352
4 0.428613 0.474756 0.0505859 0.0545898
5 0.363965 0.575391 0.0984375 0.230859
5 0.311865 0.532764 0.0444336 0.050293
