7 0.0693359 0.622412 0.138672 0.553613
6 0.823828 0.71499 0.206641 0.236816
6 0.653857 0.664355 0.205566 0.299609
6 0.660596 0.558545 0.210059 0.12959
7 0.7646 0.457812 0.454395 0.360156
5 0.924219 0.577393 0.0359375 0.0833008
2 0.898438 0.557861 0.046875 0.0760742
2 0.890967 0.597705 0.030957 0.0374023
1 0.876172 0.542969 0.0654297 0.160742
1 0.848584 0.553271 0.0915039 0.115723
7 0.794043 0.525684 0.125781 0.147852
7 0.853174 0.464111 0.0233398 0.0670898
5 0.824512 0.440967 0.0523438 0.0584961
5 0.757812 0.474805 0.0726563 0.0568359
5 0.707471 0.446387 0.084082 0.0582031
5 0.685742 0.460791 0.0892578 0.0499023
7 0.56001 0.39209 0.0208008 0.0347656
5 0.600342 0.465479 0.124707 0.133301
7 0.690723 0.399512 0.21875 0.12832
7 0.692578 0.375635 0.175391 0.12041
7 0.689209 0.347754 0.177051 0.135937
6 0.462646 0.679736 0.233887 0.386621
6 0.226953 0.774609 0.248047 0.252344
0 0.225781 0.707373 0.239844 0.0588867
0 0.229785 0.735596 0.236328 0.0545898
6 0.318311 0.565625 0.435254 0.278125
0 0.318506 0.549463 0.435059 0.0975586
0 0.323486 0.579248 0.424316 0.109473
7 0.319238 0.231299 0.410742 0.433496
0 0.659326 0.506055 0.0379883 0.0988281
0 0.702246 0.520215 0.0890625 0.107813
