7 0.810645 0.491553 0.265625 0.37998
1 0.600439 0.437646 0.225684 0.287402
3 0.50918 0.553613 0.0525391 0.0734375
7 0.615869 0.622217 0.343262 0.327051
1 0.11001 0.393994 0.118848 0.268848
1 0.168164 0.30127 0.0396484 0.0601563
7 0.114307 0.342725 0.0694336 0.0803711
5 0.112256 0.343896 0.072168 0.0727539
1 0.0979492 0.413037 0.0412109 0.0793945
1 0.0777832 0.476807 0.0235352 0.0522461
7 0.361035 0.385742 0.418945 0.514258
1 0.20957 0.628613 0.419141 0.630273
0 0.1896 0.531738 0.0950195 0.212305
0 0.0807617 0.796436 0.11582 0.277441
0 0.243457 0.59668 0.153516 0.3125
0 0.250049 0.429541 0.0749023 0.0588867
1 0.124512 0.353027 0.0486328 0.0605469
