1 0.141357 0.914062 0.282715 0.171289
1 0.437402 0.656055 0.561719 0.501953
0 0.467676 0.842773 0.0642578 0.112109
1 0.423389 0.595898 0.558496 0.536328
1 0.412549 0.270166 0.521582 0.540332
0 0.295605 0.109473 0.144336 0.218945
1 0.6396 0.227051 0.0401367 0.139258
0 0.61626 0.23623 0.0584961 0.100195
1 0.620996 0.290479 0.0689453 0.0327148
1 0.53584 0.0987305 0.282031 0.197461
1 0.468555 0.144678 0.297656 0.289355
1 0.311133 0.149951 0.0865234 0.162402
1 0.255322 0.211621 0.152051 0.0582031
1 0.202734 0.157617 0.0439453 0.0982422
