6 0.184326 0.556641 0.256934 0.142578
1 0.0300781 0.465137 0.0601563 0.149023
1 0.0226562 0.37959 0.0453125 0.185742
1 0.119922 0.397852 0.170313 0.144336
7 0.145605 0.483105 0.215234 0.125977
1 0.147998 0.482275 0.209277 0.12627
1 0.0873047 0.664697 0.174609 0.258887
1 0.0894531 0.605322 0.0525391 0.0592773
1 0.0826172 0.641895 0.0363281 0.0396484
1 0.0535645 0.671777 0.062793 0.0880859
1 0.0555664 0.659619 0.111133 0.202637
1 0.535889 0.543506 0.55791 0.348926
0 0.478809 0.506982 0.282422 0.15127
0 0.376025 0.636768 0.264551 0.163965
1 0.630811 0.449121 0.541309 0.273828
7 0.886084 0.561816 0.116113 0.0347656
0 0.0124023 0.824414 0.0248047 0.0625
