5 0.748779 0.820312 0.270801 0.227148
5 0.280957 0.816016 0.289844 0.222656
5 0.519922 0.83252 0.245117 0.205078
5 0.751172 0.546973 0.313086 0.183789
5 0.491113 0.550049 0.25918 0.180957
9 0.807861 0.789453 0.136035 0.159766
9 0.723828 0.787158 0.146094 0.159277
9 0.569727 0.790039 0.0953125 0.169922
9 0.473193 0.786768 0.102637 0.166699
9 0.194141 0.814893 0.122266 0.235254
9 0.318018 0.827002 0.176465 0.252832
9 0.805713 0.602686 0.150098 0.0829102
9 0.719043 0.599658 0.121289 0.0833008
9 0.857422 0.453467 0.117969 0.171582
9 0.723291 0.453174 0.185645 0.181738
9 0.164648 0.555811 0.180469 0.198145
9 0.27832 0.576562 0.202539 0.188281
9 0.919141 0.212207 0.129883 0.191602
9 0.762842 0.205322 0.203418 0.184277
9 0.158252 0.176904 0.151074 0.176465
9 0.302393 0.18833 0.163574 0.171582
9 0.442822 0.184668 0.102637 0.191211
9 0.557617 0.174854 0.142773 0.224707
