1 0.665186 0.0246582 0.102832 0.0493164
1 0.495508 0.0814941 0.252344 0.162988
1 0.571094 0.125342 0.421289 0.159473
1 0.515332 0.358398 0.538672 0.603711
1 0.310645 0.310645 0.0658203 0.13418
1 0.423779 0.173828 0.102832 0.0357422
1 0.572412 0.152979 0.108496 0.0391602
1 0.688818 0.193604 0.0918945 0.0483398
1 0.611084 0.18623 0.0813477 0.0476562
1 0.503662 0.180176 0.134277 0.0488281
1 0.388867 0.660303 0.351172 0.565723
1 0.327051 0.453467 0.218945 0.393066
1 0.308057 0.501855 0.0598633 0.0835937
1 0.31792 0.502637 0.135254 0.298828
1 0.293457 0.594043 0.0896484 0.118555
1 0.392383 0.452051 0.180273 0.418945
1 0.588672 0.513379 0.416016 0.301563
1 0.48291 0.57207 0.0644531 0.182812
