7 0.166064 0.573291 0.11709 0.072168
1 0.677881 0.768604 0.461621 0.312012
1 0.154932 0.949756 0.309863 0.0999023
7 0.420459 0.769092 0.181543 0.260449
0 0.275244 0.477002 0.256934 0.241113
5 0.27876 0.352832 0.11709 0.0800781
5 0.263232 0.375732 0.0450195 0.0436523
5 0.206885 0.405127 0.0737305 0.0245117
7 0.668457 0.737061 0.288672 0.170605
7 0.49541 0.59707 0.352539 0.237305
1 0.528906 0.351318 0.423633 0.23584
1 0.46958 0.298975 0.12041 0.0290039
1 0.529443 0.173828 0.428613 0.223242
1 0.572461 0.304736 0.30293 0.0454102
1 0.0769043 0.618896 0.153809 0.23291
7 0.178223 0.745703 0.356445 0.344531
1 0.0499512 0.408203 0.0999023 0.201367
