7 0.062207 0.41709 0.05625 0.0964844
7 0.0945313 0.410107 0.109766 0.15498
7 0.499365 0.350928 0.137598 0.0713867
6 0.427051 0.403174 0.122656 0.116309
6 0.366846 0.390771 0.137207 0.148535
7 0.841797 0.283594 0.153125 0.117773
1 0.780078 0.32168 0.117773 0.0441406
7 0.766406 0.353271 0.124023 0.102441
1 0.964404 0.385059 0.0704102 0.0662109
7 0.873047 0.386523 0.148828 0.140625
7 0.970752 0.478613 0.0579102 0.125781
1 0.746729 0.396875 0.0999023 0.0412109
1 0.668945 0.351318 0.125 0.0989258
7 0.630078 0.390869 0.148438 0.119043
1 0.954053 0.551074 0.0913086 0.0580078
1 0.918115 0.49209 0.143848 0.0892578
7 0.773486 0.447363 0.197754 0.0751953
7 0.600977 0.515479 0.280078 0.289941
7 0.663379 0.49834 0.150781 0.104883
7 0.809863 0.600146 0.301563 0.252441
5 0.74541 0.461572 0.0753906 0.0858398
7 0.786865 0.469238 0.133301 0.141406
5 0.279102 0.633105 0.0568359 0.0568359
6 0.415479 0.670752 0.213965 0.166895
1 0.286523 0.579297 0.0605469 0.0761719
1 0.371729 0.523584 0.232129 0.21377
0 0.30459 0.668896 0.0185547 0.118066
0 0.156396 0.712549 0.125684 0.037207
7 0.413818 0.814746 0.188184 0.0605469
7 0.411572 0.864014 0.162402 0.0756836
1 0.222363 0.814648 0.231836 0.222461
1 0.212305 0.913428 0.227539 0.120996
7 0.218115 0.905322 0.204004 0.0913086
0 0.813184 0.752686 0.0701172 0.0629883
