1 0.239453 0.399609 0.0607422 0.0830078
5 0.978516 0.240723 0.0423828 0.179883
1 0.769189 0.427588 0.0905273 0.108496
7 0.903613 0.509912 0.192188 0.391504
1 0.0871094 0.38291 0.147852 0.114453
5 0.0852051 0.387061 0.119824 0.0995117
1 0.0958496 0.410254 0.0389648 0.0625
1 0.0957031 0.428564 0.0357422 0.0383789
1 0.0563965 0.470215 0.104395 0.126367
1 0.420215 0.689355 0.173828 0.219922
1 0.14751 0.421436 0.10166 0.124707
7 0.353076 0.417627 0.214551 0.353809
1 0.230859 0.668799 0.274805 0.484473
6 0.231494 0.630566 0.135645 0.156055
1 0.158691 0.5354 0.25 0.332715
1 0.533398 0.616602 0.202148 0.293359
1 0.678027 0.56665 0.307031 0.366699
1 0.844092 0.682715 0.307324 0.38125
1 0.808105 0.747217 0.167383 0.204004
0 0.222949 0.634424 0.21875 0.327051
