7 0.746289 0.794336 0.275781 0.410742
5 0.343311 0.90542 0.0686523 0.0913086
3 0.339795 0.894482 0.0500977 0.062793
1 0.422266 0.899365 0.135156 0.112793
5 0.541699 0.83833 0.0818359 0.096582
1 0.509668 0.810986 0.0431641 0.0670898
0 0.534277 0.821777 0.0347656 0.0396484
5 0.448145 0.833691 0.114062 0.111133
5 0.426904 0.67793 0.0483398 0.0529297
2 0.313379 0.533398 0.0330078 0.111133
5 0.466602 0.521631 0.0845703 0.046582
1 0.369287 0.693506 0.166699 0.37041
1 0.47666 0.697754 0.0386719 0.0925781
2 0.441357 0.747852 0.113379 0.137891
5 0.599414 0.68335 0.0451172 0.260254
5 0.379932 0.8125 0.0555664 0.143555
5 0.592822 0.75166 0.015918 0.0410156
5 0.541943 0.74917 0.0942383 0.102832
5 0.576367 0.68501 0.0173828 0.0459961
1 0.539062 0.658789 0.0929688 0.102539
2 0.57998 0.592773 0.0294922 0.0320312
5 0.375244 0.49043 0.126465 0.0615234
5 0.40249 0.428564 0.142871 0.096582
5 0.497363 0.450195 0.17832 0.120703
5 0.524707 0.556396 0.246289 0.227832
7 0.791748 0.295459 0.172363 0.209277
6 0.429297 0.189014 0.331836 0.327051
0 0.398779 0.180078 0.221191 0.341602
7 0.60459 0.247656 0.208594 0.327344
