7 0.178564 0.882812 0.12002 0.233789
1 0.540918 0.755273 0.457813 0.152148
1 0.233105 0.743555 0.131445 0.188867
1 0.367627 0.715137 0.324121 0.233789
1 0.57002 0.741113 0.25918 0.0939453
1 0.641113 0.695117 0.25 0.0978516
1 0.61333 0.211523 0.225684 0.127344
1 0.680664 0.462451 0.414453 0.44873
0 0.59126 0.668994 0.154785 0.105176
1 0.353271 0.708936 0.225488 0.13291
1 0.371533 0.637891 0.221191 0.109766
1 0.358545 0.506885 0.308301 0.292285
1 0.320947 0.378613 0.278809 0.242773
1 0.363965 0.286719 0.124219 0.0992187
1 0.32041 0.284766 0.145313 0.0992187
