7 0.181055 0.178906 0.362109 0.357812
7 0.438965 0.477686 0.776758 0.846191
6 0.25293 0.316113 0.214258 0.347266
6 0.371143 0.538818 0.0666992 0.186816
6 0.395361 0.403418 0.280762 0.347266
6 0.67583 0.415479 0.141895 0.24834
6 0.548438 0.468311 0.129688 0.228223
6 0.476318 0.52749 0.180762 0.279785
6 0.530908 0.803613 0.116309 0.191797
6 0.626025 0.779541 0.122559 0.183496
6 0.633057 0.60957 0.12373 0.0988281
6 0.0957031 0.0922363 0.129492 0.165332
6 0.144629 0.279639 0.185547 0.335645
6 0.195654 0.505078 0.0704102 0.129297
