0 0.967627 0.699854 0.0641602 0.0530273
7 0.97002 0.578516 0.0591797 0.237891
7 0.76748 0.264355 0.130273 0.260937
7 0.051416 0.576904 0.102832 0.218262
1 0.0429688 0.397217 0.0859375 0.273535
7 0.80752 0.54834 0.287695 0.329883
0 0.502002 0.865088 0.0508789 0.0481445
7 0.808545 0.769482 0.324707 0.300879
3 0.593848 0.800195 0.152734 0.164453
0 0.532227 0.898828 0.101562 0.0441406
0 0.612891 0.723975 0.114062 0.16416
0 0.622852 0.771094 0.0320312 0.0660156
5 0.811328 0.376172 0.12793 0.0394531
7 0.900146 0.368408 0.148145 0.115332
5 0.860254 0.351318 0.158398 0.0493164
0 0.912207 0.412256 0.0552734 0.0491211
9 0.869727 0.409912 0.0820312 0.0391602
0 0.82207 0.404736 0.0701172 0.0327148
