1 0.18208 0.878662 0.0674805 0.107129
1 0.0612793 0.927734 0.122559 0.102148
1 0.0866699 0.910742 0.127246 0.105859
1 0.226709 0.587012 0.245996 0.30625
1 0.0955078 0.90498 0.131445 0.106836
1 0.283447 0.764893 0.0491211 0.0608398
7 0.523145 0.856836 0.505664 0.285742
1 0.165186 0.566797 0.197949 0.17793
0 0.261719 0.530371 0.0164063 0.034375
1 0.158984 0.720117 0.203906 0.185547
1 0.183398 0.607764 0.222461 0.171973
0 0.304785 0.591748 0.0808594 0.174316
1 0.160693 0.791797 0.037207 0.0181641
1 0.179541 0.709375 0.207324 0.172656
0 0.15791 0.83291 0.0394531 0.0552734
1 0.240234 0.86084 0.126758 0.102539
1 0.253467 0.87041 0.171582 0.258594
1 0.595068 0.525586 0.0592773 0.125977
7 0.472119 0.607959 0.391113 0.674902
5 0.493799 0.110303 0.0600586 0.147168
5 0.554297 0.0880859 0.0347656 0.0697266
5 0.686523 0.0803711 0.0302734 0.0515625
5 0.703369 0.204346 0.0426758 0.324707
5 0.656006 0.223096 0.0674805 0.337012
5 0.566504 0.0995605 0.0496094 0.0918945
5 0.506299 0.112256 0.0731445 0.124707
7 0.520752 0.281543 0.150098 0.274805
7 0.675732 0.221387 0.17041 0.382617
0 0.590625 0.271338 0.314258 0.287988
