1 0.790674 0.747168 0.175293 0.126758
1 0.494043 0.400732 0.167969 0.265332
1 0.587939 0.384033 0.0913086 0.268066
1 0.622559 0.426025 0.149805 0.207129
1 0.670508 0.455713 0.156445 0.288965
1 0.446729 0.354297 0.0555664 0.0642578
1 0.470459 0.349854 0.0631836 0.0676758
1 0.476221 0.364697 0.062207 0.0354492
1 0.521973 0.342529 0.0439453 0.0704102
1 0.547656 0.327393 0.0429688 0.0600586
1 0.541699 0.350537 0.034375 0.040918
1 0.681201 0.501514 0.160059 0.385449
0 0.636523 0.36333 0.104492 0.0272461
