7 0.747363 0.531934 0.265625 0.573047
1 0.26582 0.674951 0.327344 0.304199
1 0.225684 0.628467 0.179102 0.0995117
6 0.323291 0.551953 0.0741211 0.104492
1 0.202246 0.418457 0.289453 0.458008
1 0.161475 0.481152 0.0952148 0.132227
1 0.302051 0.24375 0.0515625 0.0634766
1 0.216748 0.385645 0.171582 0.280469
1 0.289307 0.300098 0.0454102 0.0710937
0 0.261523 0.306201 0.0587891 0.062207
1 0.202881 0.429932 0.160254 0.216309
0 0.376465 0.643066 0.0992187 0.175586
1 0.548682 0.530225 0.27998 0.613379
1 0.483154 0.379639 0.488574 0.620996
