5 0.278564 0.514746 0.0932617 0.180273
4 0.325781 0.280273 0.121289 0.217969
4 0.447168 0.183008 0.197461 0.178906
4 0.424805 0.31499 0.302539 0.268848
4 0.495752 0.409717 0.175098 0.308887
4 0.689355 0.315625 0.0955078 0.430273
4 0.789502 0.305859 0.103223 0.327344
4 0.834326 0.46499 0.0768555 0.194434
4 0.831201 0.601855 0.0493164 0.107813
4 0.404687 0.558154 0.0707031 0.175879
4 0.500537 0.803564 0.0858398 0.0913086
4 0.51709 0.680566 0.227148 0.268555
4 0.676709 0.768018 0.0686523 0.104199
4 0.59248 0.83877 0.130469 0.0777344
4 0.641113 0.606152 0.116602 0.269141
4 0.455859 0.924121 0.283203 0.151172
4 0.676953 0.905273 0.168359 0.188867
4 0.900586 0.704053 0.0257812 0.084668
4 0.628809 0.266162 0.0919922 0.427246
4 0.884668 0.858936 0.0595703 0.215918
4 0.741504 0.503516 0.151562 0.661719
4 0.311719 0.616064 0.151758 0.418652
5 0.829248 0.733594 0.205566 0.494336
4 0.322119 0.816748 0.400098 0.365723
4 0.52793 0.470557 0.183789 0.574121
