5 0.284326 0.0922852 0.0141602 0.0634766
5 0.412646 0.0750488 0.00693359 0.050293
5 0.735205 0.0651367 0.0106445 0.0648438
5 0.817822 0.0612305 0.0116211 0.0648438
9 0.779736 0.514551 0.193457 0.851172
9 0.719775 0.369922 0.0987305 0.5625
9 0.619385 0.373389 0.136621 0.562207
5 0.569922 0.0785645 0.0212891 0.0717773
9 0.548096 0.379492 0.224707 0.594922
5 0.506836 0.130127 0.0552734 0.169629
9 0.29751 0.499365 0.146582 0.752637
9 0.411572 0.420654 0.132715 0.653418
5 0.689502 0.113428 0.0143555 0.154785
5 0.694824 0.113818 0.0146484 0.158105
5 0.669482 0.115771 0.0280273 0.158105
5 0.674268 0.115039 0.0250977 0.157422
5 0.927539 0.100146 0.144336 0.146777
5 0.914355 0.105029 0.170898 0.153809
