7 0.832373 0.610254 0.275293 0.481836
7 0.194971 0.148291 0.143848 0.296582
7 0.483154 0.0299316 0.130957 0.0598633
7 0.491504 0.104297 0.113867 0.0902344
7 0.130713 0.0213379 0.0223633 0.0426758
1 0.215625 0.337451 0.0449219 0.113379
7 0.335205 0.145361 0.226465 0.290723
7 0.286133 0.366406 0.114844 0.217578
0 0.639795 0.733301 0.0786133 0.0796875
1 0.596875 0.634717 0.283984 0.378613
1 0.524316 0.505957 0.392383 0.481445
1 0.498047 0.272461 0.382422 0.277148
7 0.238818 0.610742 0.262402 0.435156
6 0.444531 0.494727 0.0478516 0.123047
1 0.461621 0.58042 0.0552734 0.137598
0 0.542822 0.159424 0.108887 0.0608398
0 0.463135 0.199951 0.072168 0.0512695
