7 0.949072 0.425439 0.101465 0.277441
1 0.833984 0.711182 0.198633 0.397168
6 0.514453 0.445117 0.136133 0.218945
7 0.686816 0.348047 0.266406 0.322461
1 0.853564 0.613232 0.192676 0.303223
1 0.821826 0.706689 0.0389648 0.0799805
1 0.796436 0.686865 0.0374023 0.0541992
1 0.853906 0.69248 0.0589844 0.123047
1 0.880029 0.668164 0.0245117 0.0777344
1 0.883252 0.676221 0.0741211 0.162012
1 0.900488 0.637744 0.0203125 0.0717773
1 0.891895 0.680566 0.0615234 0.126953
1 0.891455 0.683203 0.0731445 0.159375
7 0.351416 0.360303 0.218262 0.44209
7 0.551074 0.475391 0.168164 0.173633
7 0.611963 0.327832 0.052832 0.0558594
7 0.0767578 0.59707 0.153516 0.350195
7 0.139648 0.591602 0.0828125 0.0859375
7 0.294141 0.620654 0.269336 0.415332
7 0.0448242 0.3771 0.0773438 0.0995117
5 0.319727 0.137354 0.0689453 0.0413086
5 0.393359 0.1729 0.0605469 0.0198242
7 0.174707 0.373242 0.305273 0.406445
7 0.556445 0.766162 0.393555 0.466895
2 0.110596 0.71792 0.0436523 0.0555664
7 0.618945 0.28252 0.0533203 0.0611328
1 0.832373 0.618506 0.169629 0.12334
5 0.283057 0.161572 0.0428711 0.0360352
