1 0.434814 0.499805 0.127637 0.130469
1 0.348096 0.7021 0.325098 0.243066
1 0.44082 0.575879 0.0853516 0.147852
1 0.611084 0.527393 0.471582 0.354395
1 0.746045 0.347656 0.109082 0.100977
0 0.173242 0.787451 0.145508 0.118066
1 0.5604 0.35166 0.295996 0.304102
1 0.731494 0.395117 0.0536133 0.0164063
1 0.459033 0.566455 0.0899414 0.153809
1 0.432275 0.524268 0.0741211 0.068457
6 0.284375 0.557617 0.222266 0.142578
1 0.427783 0.597119 0.078418 0.130176
1 0.336963 0.645361 0.178613 0.109082
1 0.340771 0.67373 0.165723 0.0964844
1 0.36958 0.672363 0.136621 0.0734375
1 0.348047 0.683838 0.172266 0.0741211
7 0.581689 0.721289 0.207715 0.21582
7 0.555127 0.630713 0.0493164 0.0233398
7 0.234082 0.558057 0.118359 0.142871
0 0.690674 0.510645 0.0360352 0.0460938
