7 0.876025 0.649658 0.247559 0.700098
7 0.903369 0.634082 0.192676 0.444727
7 0.926318 0.886523 0.146777 0.226172
0 0.90957 0.658545 0.180273 0.203418
0 0.0390625 0.120166 0.078125 0.166309
1 0.2604 0.324609 0.332324 0.310547
1 0.169287 0.151611 0.338574 0.303223
1 0.0661133 0.329395 0.132227 0.123047
1 0.0710449 0.40625 0.14209 0.0796875
6 0.531104 0.611963 0.761621 0.606152
6 0.44873 0.319141 0.698633 0.277148
0 0.540576 0.36333 0.215527 0.10752
0 0.397168 0.0663086 0.124219 0.132617
0 0.394727 0.114453 0.0736328 0.0734375
0 0.938818 0.730029 0.072168 0.0407227
0 0.752197 0.048291 0.196387 0.096582
