0 0.499854 0.499854 0.999707 0.999707
4 0.734131 0.708838 0.154785 0.068457
4 0.421143 0.929199 0.113379 0.0726563
4 0.33584 0.887646 0.0625 0.13291
4 0.276758 0.813623 0.090625 0.176855
4 0.391406 0.555127 0.129297 0.093457
4 0.766846 0.645312 0.271191 0.177539
4 0.385889 0.645996 0.0793945 0.10293
4 0.40791 0.624609 0.0433594 0.0597656
4 0.568115 0.588184 0.138184 0.120313
4 0.744385 0.417383 0.171973 0.119531
4 0.636572 0.315674 0.221582 0.258887
4 0.478857 0.488232 0.166699 0.116309
4 0.470605 0.377344 0.155469 0.123242
4 0.786084 0.536572 0.194434 0.130176
4 0.392236 0.90127 0.062207 0.0660156
4 0.626611 0.488477 0.173926 0.153516
4 0.424414 0.834521 0.13457 0.127441
4 0.334033 0.450928 0.139551 0.150293
4 0.362598 0.767871 0.19082 0.148828
4 0.187646 0.760059 0.169629 0.137109
1 0.605518 0.713623 0.533105 0.440723
4 0.308154 0.575 0.148145 0.105859
4 0.274316 0.660205 0.216602 0.15127
4 0.689014 0.660547 0.157715 0.141602
