5 0.865186 0.851318 0.26416 0.296582
1 0.234717 0.771777 0.322168 0.24668
1 0.19502 0.579346 0.266602 0.305566
7 0.265088 0.412402 0.238574 0.285742
1 0.482129 0.643018 0.541211 0.282715
1 0.434766 0.731689 0.223242 0.212012
5 0.497168 0.719238 0.186719 0.138867
1 0.725635 0.649121 0.239551 0.181836
7 0.515186 0.387793 0.299316 0.540039
1 0.743799 0.565137 0.24209 0.181836
1 0.37666 0.283887 0.0716797 0.147852
7 0.796826 0.268164 0.327832 0.509961
0 0.063623 0.482275 0.0454102 0.0188477
1 0.748145 0.506982 0.270117 0.232129
