5 0.870996 0.726562 0.257422 0.546289
1 0.214551 0.759131 0.429102 0.481152
1 0.661084 0.899658 0.448145 0.200098
1 0.574658 0.820654 0.391895 0.325098
5 0.194775 0.335645 0.335059 0.671289
5 0.156104 0.34375 0.312207 0.6875
5 0.12959 0.512451 0.25918 0.395215
5 0.0535645 0.0335449 0.107129 0.0670898
7 0.514795 0.593555 0.458105 0.757227
3 0.678467 0.649805 0.084082 0.231445
3 0.511035 0.725342 0.16543 0.19873
3 0.586182 0.681055 0.163965 0.250977
3 0.4021 0.582178 0.143066 0.209277
3 0.611768 0.466406 0.132715 0.223828
3 0.401074 0.360742 0.0992187 0.138867
3 0.471094 0.521533 0.143555 0.209668
