6 0.112793 0.786377 0.145313 0.234082
6 0.0220703 0.783887 0.0441406 0.227148
6 0.0293945 0.84458 0.0587891 0.0827148
6 0.585986 0.778467 0.200684 0.0813477
6 0.963037 0.675488 0.0649414 0.0228516
6 0.802148 0.739648 0.0853516 0.159766
7 0.486475 0.680859 0.879199 0.539648
5 0.564014 0.487598 0.314941 0.0988281
6 0.381982 0.494336 0.0977539 0.118359
6 0.618848 0.408887 0.0853516 0.0810547
6 0.538965 0.443115 0.132422 0.0952148
6 0.306348 0.51582 0.124023 0.106445
6 0.214258 0.56665 0.0669922 0.0532227
6 0.101318 0.597998 0.0463867 0.046582
6 0.151562 0.585645 0.0580078 0.0529297
6 0.743701 0.301904 0.156543 0.13291
6 0.0393066 0.395361 0.0786133 0.147168
6 0.126611 0.366406 0.111816 0.0820312
6 0.108203 0.414453 0.0908203 0.0902344
6 0.127393 0.51499 0.253223 0.19541
