7 0.254443 0.518799 0.303027 0.348535
7 0.437646 0.48501 0.312793 0.354199
1 0.755859 0.386865 0.291406 0.333301
1 0.636475 0.271045 0.0364258 0.0631836
7 0.30459 0.239209 0.387891 0.318457
1 0.718506 0.550586 0.25791 0.407422
1 0.810791 0.610498 0.0297852 0.139551
1 0.729346 0.681543 0.133887 0.00722656
1 0.710547 0.674463 0.172656 0.00888672
1 0.700049 0.665527 0.194238 0.00957031
1 0.700098 0.658105 0.194922 0.00859375
1 0.698926 0.648828 0.195898 0.0185547
1 0.699902 0.641846 0.194922 0.0131836
1 0.762402 0.629492 0.0798828 0.0162109
1 0.713477 0.62417 0.194727 0.0670898
1 0.750049 0.609424 0.0922852 0.0112305
1 0.766406 0.59873 0.0615234 0.0148437
1 0.775391 0.539551 0.0404297 0.114062
1 0.772705 0.592773 0.062207 0.00957031
1 0.77334 0.533594 0.0644531 0.124023
1 0.77334 0.52334 0.0660156 0.141211
1 0.762402 0.517529 0.0669922 0.13291
1 0.73374 0.522949 0.0850586 0.137891
1 0.640918 0.564648 0.203906 0.186133
1 0.594238 0.539697 0.195898 0.148145
1 0.814307 0.608594 0.0290039 0.13125
1 0.777246 0.19082 0.217773 0.0734375
1 0.753271 0.218945 0.217285 0.167969
1 0.772168 0.204053 0.221484 0.0799805
1 0.745068 0.257471 0.172168 0.0956055
1 0.798096 0.264893 0.170605 0.0469727
1 0.787451 0.276953 0.175098 0.0611328
