1 0.480713 0.587354 0.0180664 0.146191
1 0.609766 0.673926 0.244336 0.355859
1 0.601074 0.367676 0.288477 0.296289
1 0.618896 0.106006 0.197168 0.100879
1 0.589404 0.176904 0.316699 0.171973
1 0.529541 0.257324 0.0600586 0.0291016
1 0.59917 0.248193 0.0610352 0.0379883
0 0.581348 0.180225 0.289648 0.0918945
2 0.720264 0.220215 0.0510742 0.0753906
1 0.601807 0.567822 0.181348 0.142871
0 0.493701 0.551807 0.0290039 0.078418
5 0.748145 0.766064 0.0964844 0.140527
1 0.839355 0.732471 0.21582 0.196387
1 0.853564 0.66499 0.223926 0.138184
0 0.841943 0.623145 0.132715 0.0730469
7 0.198047 0.703174 0.258203 0.431543
5 0.212158 0.531152 0.0563477 0.0767578
0 0.875391 0.598828 0.0503906 0.0171875
1 0.419629 0.754004 0.169141 0.32207
1 0.44668 0.664307 0.0699219 0.153418
