5 0.552051 0.226904 0.0332031 0.0416992
5 0.587305 0.180908 0.102148 0.0918945
5 0.441699 0.255469 0.0451172 0.0929688
5 0.610742 0.315625 0.0597656 0.0472656
5 0.485107 0.212988 0.103223 0.12168
5 0.610107 0.269629 0.13291 0.117383
5 0.320166 0.234912 0.175098 0.131934
5 0.33208 0.301709 0.0813477 0.0995117
5 0.3979 0.273633 0.0647461 0.155078
5 0.481152 0.338818 0.241602 0.18291
5 0.52085 0.424902 0.068457 0.0820312
5 0.276807 0.418799 0.0500977 0.104785
5 0.272949 0.499658 0.0175781 0.0641602
5 0.22876 0.358447 0.0731445 0.240723
5 0.300537 0.452539 0.046582 0.106836
5 0.275146 0.339648 0.187207 0.147461
5 0.216016 0.645508 0.125 0.501953
5 0.413916 0.531934 0.357129 0.338281
5 0.314453 0.717725 0.0853516 0.108105
5 0.567676 0.604785 0.350195 0.12168
5 0.623633 0.635352 0.130664 0.0816406
5 0.545752 0.624219 0.104395 0.0777344
5 0.254102 0.92959 0.183789 0.140234
5 0.542041 0.820898 0.0756836 0.12793
5 0.370801 0.764746 0.328906 0.301953
5 0.500537 0.941748 0.143848 0.115723
5 0.895947 0.632568 0.062207 0.194434
5 0.790137 0.762598 0.150781 0.090625
5 0.65376 0.671631 0.0758789 0.0813477
5 0.777441 0.638086 0.0716797 0.0810547
5 0.710693 0.672314 0.106934 0.140918
5 0.806348 0.691504 0.235156 0.189844
5 0.627197 0.967285 0.077832 0.0648438
5 0.614062 0.817822 0.256445 0.358496
5 0.836426 0.858838 0.315234 0.281738
5 0.676514 0.980615 0.062793 0.0379883
5 0.570654 0.93374 0.123535 0.131934
5 0.394336 0.881738 0.337305 0.235742
5 0.224707 0.940625 0.0322266 0.0525391
5 0.672754 0.260547 0.0652344 0.0654297
5 0.663672 0.281445 0.183008 0.130273
5 0.850977 0.439209 0.145313 0.201074
5 0.825 0.286084 0.149023 0.324121
5 0.753857 0.312012 0.155957 0.201367
5 0.709961 0.489062 0.346484 0.297656
5 0.634033 0.2521 0.0692383 0.0856445
