7 0.832861 0.967383 0.0913086 0.0644531
7 0.602051 0.0834961 0.046875 0.122656
7 0.502441 0.0128906 0.215234 0.0257812
6 0.426465 0.730664 0.342969 0.379297
6 0.432031 0.619873 0.364063 0.30127
7 0.478223 0.114258 0.249023 0.228516
6 0.459326 0.427393 0.381934 0.506934
7 0.675244 0.454004 0.0557617 0.0582031
7 0.947949 0.236572 0.103711 0.133887
7 0.822266 0.473926 0.354883 0.386914
7 0.680371 0.960938 0.267578 0.0773438
7 0.732422 0.674414 0.37207 0.555859
7 0.933252 0.769873 0.13291 0.459668
3 0.97168 0.758105 0.0560547 0.0935547
3 0.970215 0.809863 0.0589844 0.131641
0 0.471045 0.429199 0.354199 0.147461
0 0.451514 0.71792 0.302832 0.144824
0 0.449805 0.741602 0.297852 0.144531
