7 0.640381 0.363037 0.162207 0.105957
7 0.562109 0.521924 0.191992 0.200684
7 0.562305 0.354053 0.0542969 0.0928711
1 0.784912 0.468604 0.274121 0.128418
1 0.831299 0.458154 0.0817383 0.0450195
7 0.725537 0.409766 0.29248 0.126562
1 0.729736 0.554053 0.27002 0.200098
1 0.753662 0.563574 0.0907227 0.0609375
1 0.681201 0.560205 0.0641602 0.0358398
7 0.929736 0.696973 0.139746 0.134766
7 0.889941 0.858008 0.219336 0.193359
6 0.361084 0.655029 0.287598 0.175293
6 0.392334 0.609717 0.181738 0.135449
7 0.387109 0.391553 0.391797 0.314941
6 0.314111 0.594873 0.246777 0.138184
7 0.984082 0.741309 0.0310547 0.0726563
7 0.541455 0.684717 0.229199 0.136035
0 0.845996 0.597461 0.0457031 0.0710937
