7 0.903955 0.365088 0.0897461 0.107129
7 0.94873 0.431543 0.0929688 0.152734
6 0.574365 0.505811 0.149316 0.233105
6 0.486133 0.605664 0.0267578 0.0591797
7 0.485742 0.588477 0.0210938 0.0486328
1 0.760254 0.676953 0.161914 0.155469
1 0.454883 0.431592 0.169141 0.296973
5 0.383398 0.351172 0.0267578 0.0363281
5 0.402637 0.335107 0.0542969 0.0942383
6 0.262451 0.324121 0.217285 0.326758
1 0.339404 0.671631 0.280957 0.591309
1 0.622412 0.479297 0.294434 0.254297
7 0.840381 0.518994 0.191699 0.294629
1 0.917822 0.608789 0.163965 0.404102
7 0.980176 0.249902 0.0367188 0.0724609
7 0.993457 0.262891 0.0126953 0.0720703
0 0.116553 0.910938 0.233105 0.156445
7 0.941797 0.898828 0.11582 0.201758
0 0.449658 0.332568 0.0381836 0.0750977
