6 0.131982 0.65415 0.0620117 0.0760742
6 0.117969 0.613916 0.0652344 0.0875977
6 0.108447 0.577832 0.0536133 0.0730469
6 0.0881348 0.523633 0.0547852 0.0730469
6 0.0717773 0.475146 0.0533203 0.0694336
6 0.0527832 0.421484 0.0520508 0.0691406
6 0.0737305 0.353027 0.128516 0.096875
6 0.0600098 0.291846 0.12002 0.10752
6 0.203711 0.687842 0.101953 0.0827148
6 0.186475 0.635059 0.102637 0.0763672
6 0.166504 0.576074 0.109375 0.0972656
6 0.14834 0.510547 0.107617 0.0753906
6 0.133301 0.458643 0.110352 0.0708008
6 0.128369 0.386279 0.138184 0.12041
6 0.291455 0.693115 0.0942383 0.0641602
6 0.278906 0.644678 0.0984375 0.0665039
6 0.264746 0.596045 0.100977 0.068457
6 0.25127 0.539746 0.104688 0.0767578
6 0.240674 0.487598 0.105371 0.0638672
6 0.225781 0.436621 0.111328 0.0697266
6 0.241602 0.343213 0.172656 0.12959
6 0.367529 0.693945 0.077832 0.0638672
6 0.368115 0.639258 0.104199 0.0787109
6 0.361572 0.591602 0.111621 0.0734375
6 0.375146 0.516064 0.162988 0.131934
6 0.368701 0.457861 0.174316 0.133301
6 0.360498 0.396338 0.175879 0.12998
6 0.336328 0.341602 0.183008 0.136914
6 0.467139 0.690088 0.149512 0.158691
1 0.468604 0.552051 0.122754 0.219922
1 0.720215 0.747217 0.416211 0.303223
7 0.628369 0.500049 0.284473 0.483496
5 0.837158 0.636572 0.140137 0.259277
2 0.975 0.495508 0.0496094 0.0353516
0 0.313672 0.412354 0.206641 0.240723
0 0.103125 0.378613 0.114062 0.0376953
0 0.0659668 0.486816 0.131934 0.354492
