5 0.560254 0.177881 0.0734375 0.129004
7 0.484521 0.187793 0.100488 0.106445
7 0.535937 0.443408 0.207813 0.533691
7 0.391748 0.278564 0.118848 0.143848
7 0.207617 0.434375 0.270313 0.589648
1 0.95459 0.415527 0.0902344 0.375977
1 0.306641 0.674561 0.0726563 0.0608398
7 0.39585 0.462842 0.141895 0.356152
7 0.481787 0.729346 0.274512 0.462012
0 0.51958 0.194287 0.046582 0.205371
1 0.57876 0.237061 0.030957 0.0541992
0 0.517285 0.119238 0.0513672 0.0982422
7 0.676953 0.207471 0.266602 0.274121
7 0.729932 0.666699 0.361621 0.666016
7 0.731396 0.40376 0.275293 0.48877
5 0.943994 0.857471 0.0977539 0.154785
