1 0.28125 0.139551 0.0412109 0.0978516
7 0.32168 0.266553 0.118555 0.207715
7 0.747266 0.280713 0.1875 0.348535
7 0.184277 0.275 0.223242 0.372656
7 0.595459 0.422754 0.204395 0.302539
7 0.394678 0.478809 0.220996 0.343945
7 0.916943 0.414648 0.165723 0.345898
7 0.877686 0.320166 0.0391602 0.0125977
7 0.795117 0.518066 0.230664 0.418359
7 0.842041 0.425098 0.0481445 0.0558594
7 0.57915 0.722363 0.28623 0.409766
5 0.567334 0.665332 0.116309 0.090625
5 0.579053 0.579199 0.106934 0.0591797
2 0.645752 0.586133 0.0399414 0.0472656
1 0.381201 0.67627 0.102637 0.241406
7 0.57124 0.313965 0.0407227 0.0505859
1 0.2396 0.643164 0.205371 0.376953
5 0.594531 0.331641 0.0634766 0.0224609
1 0.25874 0.46416 0.149512 0.127344
7 0.600879 0.303369 0.0277344 0.046582
1 0.259814 0.512061 0.153027 0.135254
5 0.611572 0.345947 0.0436523 0.0383789
1 0.293652 0.52793 0.09375 0.0810547
1 0.217529 0.531299 0.120996 0.0956055
1 0.302734 0.555127 0.0423828 0.0579102
1 0.191699 0.550293 0.0669922 0.0376953
1 0.276807 0.490039 0.0481445 0.0482422
1 0.143994 0.218115 0.0508789 0.0459961
5 0.18501 0.210205 0.0407227 0.0512695
0 0.197949 0.525098 0.101172 0.126953
7 0.840332 0.589307 0.103711 0.209668
7 0.727197 0.54502 0.0842773 0.134961
7 0.831348 0.571924 0.0595703 0.102832
7 0.758545 0.646338 0.128223 0.114746
