5 0.643848 0.483447 0.0966797 0.062793
0 0.627588 0.48877 0.0473633 0.0582031
3 0.668408 0.531885 0.0545898 0.0499023
1 0.811621 0.353857 0.119336 0.110449
1 0.435205 0.693506 0.213574 0.296973
4 0.525293 0.72041 0.0347656 0.168945
0 0.423975 0.700098 0.093457 0.0595703
0 0.487354 0.687695 0.0491211 0.0591797
1 0.183887 0.548096 0.276562 0.275488
1 0.192334 0.505127 0.23291 0.118066
0 0.174121 0.437549 0.0431641 0.0674805
5 0.243555 0.532617 0.0605469 0.0691406
7 0.362891 0.438477 0.12207 0.31543
5 0.433105 0.34873 0.0726563 0.096875
7 0.600781 0.604834 0.152539 0.209668
1 0.589502 0.462793 0.0436523 0.0988281
1 0.507275 0.37583 0.0989258 0.0459961
1 0.540283 0.411035 0.0885742 0.0892578
1 0.474561 0.40957 0.116309 0.0744141
7 0.505566 0.525635 0.176367 0.275488
1 0.848096 0.429102 0.052832 0.0433594
7 0.796924 0.515576 0.147363 0.178613
7 0.731152 0.424561 0.183984 0.20498
5 0.713184 0.634521 0.0855469 0.25459
7 0.651563 0.70498 0.201367 0.229492
1 0.915381 0.245361 0.0952148 0.220215
2 0.795898 0.559668 0.0451172 0.0386719
5 0.754004 0.574902 0.0421875 0.0730469
1 0.476465 0.760889 0.0550781 0.0641602
1 0.491162 0.545508 0.132715 0.217969
2 0.448877 0.55874 0.0481445 0.034082
5 0.506543 0.498145 0.0404297 0.0572266
0 0.453467 0.498047 0.0299805 0.0681641
5 0.447363 0.545264 0.0525391 0.040332
