5 0.449561 0.248535 0.0532227 0.0138672
5 0.498975 0.265527 0.0799805 0.0458984
5 0.862939 0.27666 0.0670898 0.0533203
0 0.273975 0.065332 0.262207 0.130664
5 0.813525 0.0240723 0.137598 0.0481445
5 0.796777 0.201172 0.11875 0.0853516
5 0.455225 0.735107 0.0446289 0.0584961
1 0.709473 0.412939 0.313867 0.323926
5 0.439502 0.402734 0.207715 0.296094
5 0.452881 0.582227 0.0942383 0.0662109
7 0.18999 0.531006 0.296582 0.149316
5 0.376025 0.567969 0.0760742 0.0257812
0 0.425537 0.625 0.0661133 0.0679687
0 0.398926 0.680762 0.0710937 0.102148
1 0.661719 0.675098 0.275781 0.256445
5 0.309863 0.753369 0.248047 0.0766602
1 0.300293 0.631201 0.171289 0.146777
5 0.381885 0.544434 0.0833008 0.0595703
7 0.71875 0.427832 0.148438 0.121484
1 0.758105 0.344727 0.146484 0.200391
1 0.604199 0.315625 0.164062 0.119336
7 0.648193 0.128369 0.399512 0.256738
5 0.470605 0.0762695 0.285742 0.152539
2 0.261914 0.120312 0.0886719 0.0505859
0 0.100879 0.0999512 0.201758 0.199902
7 0.0223145 0.636426 0.0446289 0.176563
0 0.0944336 0.497363 0.11875 0.0578125
