9 0.484619 0.957178 0.309863 0.0850586
9 0.112451 0.501025 0.224902 0.556543
9 0.0421387 0.687598 0.0842773 0.161914
1 0.921484 0.196875 0.0453125 0.264844
1 0.771045 0.180078 0.0856445 0.185547
9 0.516748 0.118066 0.55791 0.236133
1 0.819824 0.177197 0.0304687 0.198145
1 0.831885 0.176514 0.0274414 0.20166
1 0.848047 0.177979 0.0386719 0.205566
1 0.860449 0.177002 0.0376953 0.22002
1 0.887305 0.178516 0.0681641 0.226172
1 0.880127 0.185547 0.0360352 0.224219
1 0.895312 0.188477 0.0439453 0.230664
1 0.90498 0.195654 0.0400391 0.24502
1 0.937207 0.197021 0.0443359 0.266113
1 0.950098 0.196533 0.0548828 0.271582
1 0.963672 0.195801 0.0529297 0.276562
1 0.974072 0.194385 0.0512695 0.283691
1 0.981445 0.22876 0.0363281 0.220996
1 0.992676 0.306982 0.0138672 0.0692383
9 0.513721 0.57251 0.777441 0.854395
