7 0.868994 0.406055 0.26123 0.529297
7 0.945312 0.598437 0.108789 0.426563
7 0.530273 0.117432 0.574414 0.234863
6 0.0803711 0.225342 0.160742 0.101465
7 0.201514 0.230762 0.186816 0.207617
6 0.0547363 0.135645 0.109473 0.0853516
6 0.0629883 0.0640137 0.125977 0.0674805
5 0.107471 0.130029 0.103809 0.0924805
0 0.10166 0.0729492 0.0386719 0.0486328
0 0.156396 0.15332 0.0608398 0.0873047
6 0.0540527 0.21626 0.108105 0.111621
0 0.077002 0.241602 0.028418 0.0570312
7 0.0925781 0.447412 0.185156 0.379004
7 0.523828 0.5021 0.789648 0.836035
