7 0.251758 0.262549 0.407031 0.277051
3 0.139893 0.383057 0.0245117 0.0483398
7 0.539014 0.493555 0.68916 0.197461
3 0.787402 0.388867 0.0410156 0.0357422
5 0.776611 0.413428 0.0254883 0.0446289
3 0.541357 0.182324 0.0416992 0.0486328
3 0.47334 0.195264 0.0763672 0.0344727
5 0.452197 0.182959 0.0665039 0.0463867
3 0.391016 0.230371 0.0677734 0.0808594
7 0.550732 0.518506 0.686816 0.645605
3 0.363086 0.247998 0.0701172 0.0272461
3 0.886279 0.825195 0.226855 0.349219
0 0.139404 0.613818 0.278809 0.771777
