1 0.81582 0.338672 0.0855469 0.0496094
1 0.863672 0.397168 0.0855469 0.0873047
1 0.949121 0.546973 0.0863281 0.090625
1 0.886865 0.512891 0.0961914 0.144141
1 0.231689 0.349365 0.261426 0.253613
4 0.228564 0.375 0.0344727 0.0667969
0 0.356592 0.884424 0.0401367 0.10752
1 0.718457 0.430908 0.363086 0.295605
1 0.945166 0.661426 0.108105 0.155469
1 0.791748 0.746045 0.32959 0.377637
1 0.474316 0.350879 0.127734 0.161328
1 0.370508 0.528467 0.204883 0.300293
1 0.491699 0.657275 0.340039 0.347559
1 0.5021 0.576562 0.24873 0.343555
2 0.238477 0.429199 0.0404297 0.0548828
1 0.184131 0.632471 0.306348 0.454004
1 0.326855 0.462354 0.0992187 0.175293
4 0.190576 0.404541 0.0344727 0.046582
4 0.275635 0.339648 0.0454102 0.0667969
4 0.325928 0.345898 0.0223633 0.0462891
4 0.276367 0.394385 0.0433594 0.0651367
5 0.327637 0.577344 0.0486328 0.0945312
0 0.319336 0.566602 0.0175781 0.0472656
1 0.585742 0.749072 0.0880859 0.0913086
