7 0.16748 0.402246 0.198633 0.163672
7 0.110498 0.533936 0.220996 0.284082
7 0.0310059 0.801904 0.0620117 0.290332
7 0.133936 0.689307 0.207324 0.270215
7 0.402881 0.337939 0.165918 0.305566
1 0.596484 0.501318 0.149805 0.11377
1 0.636084 0.5604 0.052832 0.0393555
7 0.558936 0.64668 0.0756836 0.180273
1 0.652979 0.384424 0.0629883 0.111426
1 0.725049 0.344775 0.0950195 0.0975586
7 0.150928 0.891162 0.268066 0.216895
7 0.302539 0.547656 0.183008 0.355859
7 0.232568 0.736621 0.0260742 0.0625
1 0.355273 0.840479 0.283984 0.318457
1 0.385352 0.691943 0.0439453 0.0651367
7 0.46084 0.542383 0.141406 0.474219
1 0.822803 0.557178 0.328613 0.337988
1 0.65166 0.694482 0.161914 0.290332
3 0.745654 0.44624 0.0870117 0.109473
3 0.77915 0.515674 0.0711914 0.0584961
3 0.720996 0.469141 0.0773438 0.0896484
3 0.757373 0.576611 0.094043 0.0407227
5 0.839063 0.489746 0.182031 0.18125
3 0.916553 0.571436 0.0374023 0.0211914
1 0.62002 0.639355 0.0505859 0.102148
2 0.658984 0.670801 0.0486328 0.0638672
1 0.677441 0.676953 0.0359375 0.0529297
5 0.710449 0.511621 0.0449219 0.0390625
