1 0.930176 0.41001 0.138867 0.266895
7 0.369678 0.282715 0.156738 0.0708984
7 0.475537 0.267725 0.0541992 0.0969727
1 0.934717 0.426709 0.12998 0.215527
7 0.938184 0.577148 0.123047 0.297656
7 0.897119 0.874463 0.20498 0.250488
7 0.382422 0.364697 0.172266 0.200684
1 0.696582 0.519629 0.405078 0.213281
1 0.626709 0.447168 0.24541 0.0589844
6 0.824268 0.397217 0.116113 0.148535
1 0.682031 0.273096 0.38457 0.332324
7 0.745557 0.705371 0.508301 0.367578
1 0.427881 0.552002 0.138184 0.519629
1 0.367725 0.573389 0.130957 0.459863
1 0.234766 0.610645 0.37168 0.545117
