1 0.465918 0.191748 0.0787109 0.0942383
1 0.959033 0.62793 0.0813477 0.0386719
1 0.195752 0.609131 0.334668 0.189941
6 0.346387 0.304932 0.182227 0.156543
0 0.329248 0.365674 0.145215 0.0583008
0 0.381299 0.241895 0.109082 0.0294922
1 0.443604 0.347021 0.17627 0.137402
1 0.824609 0.29375 0.0916016 0.0523438
1 0.562109 0.152734 0.147461 0.0708984
1 0.727686 0.148828 0.0512695 0.0679687
1 0.697119 0.223242 0.235449 0.133398
0 0.673828 0.234863 0.0724609 0.0515625
7 0.506982 0.253955 0.235449 0.17959
7 0.685205 0.378125 0.319434 0.250781
7 0.914307 0.349609 0.170605 0.164453
7 0.764893 0.546777 0.468262 0.310742
7 0.871582 0.6979 0.176953 0.104199
7 0.874023 0.728662 0.25 0.216309
7 0.891406 0.89668 0.216602 0.206055
0 0.786523 0.7 0.12207 0.0855469
1 0.918018 0.575293 0.163379 0.0900391
1 0.9625 0.518555 0.0744141 0.0277344
1 0.938281 0.449805 0.122656 0.109375
7 0.960938 0.35 0.0773438 0.0908203
0 0.601318 0.508447 0.0360352 0.0327148
1 0.113428 0.341162 0.107129 0.15498
0 0.323438 0.380225 0.114453 0.0436523
1 0.296484 0.509277 0.461328 0.323633
6 0.447607 0.719531 0.171582 0.144336
7 0.22998 0.830322 0.418945 0.299121
