0 0.408691 0.221289 0.508984 0.442578
4 0.682178 0.241455 0.0991211 0.41709
4 0.601123 0.263428 0.0790039 0.41748
4 0.53457 0.37915 0.0970703 0.544043
4 0.336572 0.31958 0.0475586 0.126074
4 0.415039 0.406592 0.0693359 0.245215
4 0.216699 0.428516 0.138281 0.483984
4 0.303662 0.461182 0.0901367 0.50752
4 0.476221 0.531299 0.100879 0.408105
4 0.384424 0.574561 0.117285 0.42998
4 0.732031 0.49209 0.0427734 0.208789
4 0.683008 0.483594 0.0912109 0.397461
4 0.603223 0.527148 0.107813 0.41543
4 0.854297 0.456494 0.181445 0.511816
0 0.664941 0.700195 0.0462891 0.0394531
