7 0.58335 0.167334 0.598926 0.334668
2 0.533301 0.474707 0.643555 0.531055
4 0.574561 0.284961 0.125879 0.0707031
4 0.539111 0.528223 0.338574 0.0941406
3 0.414355 0.492139 0.0654297 0.0475586
3 0.365479 0.497266 0.0670898 0.0453125
4 0.710205 0.474023 0.0801758 0.0800781
4 0.530078 0.415332 0.296875 0.0998047
4 0.419434 0.292139 0.226562 0.118066
4 0.567725 0.306982 0.225098 0.139551
4 0.374512 0.350977 0.114844 0.0921875
4 0.552637 0.45498 0.269141 0.0583984
3 0.423633 0.496973 0.0457031 0.0160156
3 0.378906 0.450195 0.0384766 0.0353516
7 0.776758 0.182275 0.114258 0.170996
