0 0.252783 0.543311 0.183496 0.118848
0 0.678271 0.593506 0.0827148 0.0823242
1 0.480664 0.812695 0.293945 0.239063
1 0.50542 0.738867 0.274121 0.241602
1 0.577197 0.608252 0.260254 0.208105
1 0.571582 0.553564 0.186133 0.0977539
1 0.601514 0.608398 0.160059 0.0580078
0 0.622803 0.489551 0.0995117 0.117578
7 0.549121 0.484766 0.0333984 0.0339844
7 0.591748 0.515234 0.0956055 0.0816406
7 0.37002 0.411523 0.354492 0.267578
0 0.363477 0.290332 0.0390625 0.0255859
0 0.4021 0.580469 0.119043 0.0716797
0 0.340283 0.572656 0.107129 0.0560547
0 0.321729 0.558447 0.108496 0.0290039
0 0.139551 0.501514 0.0648438 0.0401367
1 0.144336 0.433105 0.0730469 0.0304687
1 0.542432 0.427783 0.0756836 0.0530273
1 0.550635 0.46665 0.0555664 0.0364258
