1 0.628906 0.0823242 0.145117 0.164648
7 0.615381 0.0553223 0.0987305 0.0670898
1 0.469385 0.175439 0.271582 0.299316
6 0.78501 0.451758 0.11709 0.123047
1 0.460303 0.161084 0.140332 0.166699
6 0.787793 0.402734 0.125781 0.147461
7 0.707617 0.339404 0.0679687 0.207324
7 0.71333 0.514502 0.0729492 0.165332
1 0.566992 0.567822 0.235156 0.295605
7 0.574756 0.695068 0.189746 0.365723
1 0.548975 0.270996 0.166895 0.096875
5 0.569287 0.228809 0.158496 0.0892578
7 0.0678223 0.622217 0.135645 0.366113
5 0.439746 0.140234 0.0560547 0.0634766
7 0.61665 0.0995117 0.0235352 0.0568359
1 0.575244 0.199365 0.160449 0.122363
7 0.550781 0.353174 0.276758 0.319434
1 0.373145 0.590576 0.199609 0.23877
1 0.372754 0.517334 0.182031 0.0836914
1 0.40918 0.479834 0.0699219 0.0813477
7 0.383594 0.75127 0.238867 0.44375
7 0.377881 0.540674 0.0538086 0.0231445
7 0.441992 0.553564 0.0486328 0.0370117
1 0.616699 0.492578 0.0210938 0.0386719
1 0.638623 0.506787 0.0233398 0.111426
5 0.561768 0.529248 0.0694336 0.0618164
7 0.00668945 0.849707 0.0133789 0.112109
0 0.0182617 0.889941 0.00917969 0.0595703
1 0.341113 0.545996 0.0394531 0.0205078
0 0.384717 0.513086 0.0913086 0.0419922
0 0.477148 0.160547 0.0277344 0.0882813
7 0.492578 0.204883 0.0212891 0.0400391
