0 0.593604 0.0860352 0.0483398 0.17168
6 0.530176 0.418848 0.192969 0.14668
5 0.216895 0.605029 0.176172 0.121973
0 0.0745117 0.465137 0.149023 0.693359
6 0.562354 0.680518 0.798926 0.0442383
6 0.270508 0.593115 0.108789 0.071582
6 0.485693 0.565137 0.363184 0.198828
6 0.560645 0.366455 0.0367188 0.0188477
6 0.613379 0.425244 0.109375 0.116113
6 0.516309 0.404541 0.0980469 0.0655273
6 0.539941 0.432764 0.202539 0.100293
5 0.752783 0.136719 0.300098 0.273438
5 0.791064 0.034375 0.305566 0.0683594
6 0.386865 0.305127 0.568848 0.533887
3 0.691406 0.402588 0.0726563 0.186621
0 0.794434 0.168945 0.195312 0.337891
5 0.655811 0.10459 0.0633789 0.160547
0 0.356934 0.303809 0.42793 0.490039
