1 0.552148 0.611279 0.793359 0.651074
9 0.937451 0.445947 0.124316 0.157715
1 0.869727 0.482324 0.102539 0.231445
9 0.923486 0.170361 0.152441 0.0768555
9 0.951904 0.234766 0.0956055 0.129688
1 0.843408 0.501709 0.121387 0.204395
7 0.559961 0.363477 0.723828 0.605859
5 0.372656 0.217969 0.269141 0.175586
5 0.598535 0.234619 0.172656 0.0897461
5 0.757422 0.206543 0.165039 0.0708984
7 0.741699 0.2896 0.344531 0.189746
2 0.449072 0.188232 0.20498 0.112598
3 0.326074 0.294824 0.0568359 0.0642578
3 0.413477 0.288086 0.155078 0.121289
1 0.765869 0.273828 0.197754 0.0789062
5 0.59165 0.175342 0.23877 0.078418
9 0.966895 0.314209 0.0654297 0.0729492
9 0.938281 0.512646 0.122656 0.17959
1 0.551611 0.324805 0.267871 0.121289
9 0.965234 0.808545 0.06875 0.111621
1 0.2229 0.308252 0.0436523 0.120996
