7 0.0402344 0.668994 0.0804688 0.271777
7 0.231836 0.670215 0.463672 0.274805
7 0.0700195 0.703467 0.125391 0.0686523
1 0.574707 0.519775 0.406836 0.299902
1 0.396436 0.488086 0.0290039 0.129297
1 0.533936 0.480371 0.29248 0.183789
1 0.584131 0.425049 0.302246 0.0762695
1 0.754102 0.455273 0.0269531 0.0796875
1 0.593115 0.428906 0.306348 0.0662109
1 0.516797 0.409131 0.0572266 0.030957
1 0.584766 0.420801 0.246289 0.0744141
1 0.579199 0.505176 0.357812 0.17832
5 0.623828 0.524316 0.298242 0.140625
