1 0.969287 0.695117 0.0608398 0.0513672
0 0.97002 0.412012 0.0591797 0.24707
0 0.924219 0.403027 0.150781 0.291211
0 0.845215 0.686572 0.114453 0.129004
0 0.967871 0.541113 0.0634766 0.0341797
7 0.92373 0.578711 0.151758 0.0994141
7 0.971191 0.656738 0.0568359 0.0708984
1 0.681592 0.592285 0.49541 0.519336
1 0.452393 0.530029 0.331348 0.535254
1 0.441797 0.492041 0.191797 0.24502
3 0.816309 0.339355 0.233789 0.124219
1 0.587451 0.556641 0.487793 0.410938
7 0.0375488 0.988428 0.0446289 0.0225586
5 0.860303 0.333057 0.0512695 0.0288086
