1 0.24292 0.0856934 0.0676758 0.0708008
5 0.313232 0.0699219 0.078418 0.0552734
7 0.295264 0.325928 0.221973 0.594238
7 0.371973 0.0742676 0.0505859 0.0407227
7 0.449023 0.193994 0.194727 0.152441
7 0.473682 0.42085 0.270801 0.583691
1 0.638086 0.65542 0.138867 0.228809
7 0.82168 0.117725 0.112109 0.0694336
7 0.663525 0.130615 0.093457 0.0799805
0 0.707324 0.423584 0.0203125 0.0370117
7 0.708691 0.380469 0.0175781 0.0988281
7 0.759277 0.467578 0.338086 0.791016
0 0.630273 0.108643 0.0164063 0.0499023
0 0.76167 0.230029 0.0649414 0.224512
0 0.760156 0.213477 0.336328 0.264844
