7 0.93374 0.203662 0.131934 0.168652
7 0.908691 0.58877 0.181836 0.266406
1 0.765332 0.325732 0.157031 0.220996
7 0.746045 0.388281 0.17002 0.0945312
7 0.6854 0.439453 0.135254 0.0927734
7 0.643848 0.475537 0.0886719 0.0666992
7 0.62207 0.508008 0.0873047 0.0810547
5 0.465283 0.471387 0.303613 0.142578
5 0.469434 0.414795 0.314453 0.0711914
7 0.5479 0.563525 0.162012 0.0913086
1 0.483984 0.374805 0.352148 0.0863281
1 0.576514 0.359033 0.190137 0.0692383
1 0.586963 0.307129 0.20498 0.0845703
1 0.568945 0.255811 0.166992 0.0657227
1 0.423486 0.321191 0.172949 0.134961
1 0.388525 0.255371 0.0297852 0.112891
1 0.440771 0.280029 0.0813477 0.0629883
1 0.619238 0.812988 0.50957 0.341797
7 0.753955 0.553076 0.427246 0.267871
7 0.0446289 0.431787 0.0892578 0.19248
7 0.143896 0.425977 0.130957 0.143555
7 0.211963 0.512158 0.216309 0.12002
1 0.229004 0.379248 0.18418 0.170605
1 0.363232 0.604102 0.313184 0.195898
1 0.855664 0.242432 0.0552734 0.421387
