7 0.926221 0.637158 0.146777 0.311035
7 0.969434 0.89458 0.0605469 0.120996
6 0.790186 0.696924 0.138574 0.150293
6 0.763428 0.583838 0.19541 0.15127
6 0.690674 0.501904 0.338965 0.13916
6 0.709961 0.441553 0.345898 0.0895508
6 0.705078 0.379102 0.367773 0.150586
6 0.688184 0.298486 0.409375 0.115332
1 0.546777 0.18042 0.341602 0.215527
1 0.581543 0.16416 0.0658203 0.0560547
7 0.843066 0.84707 0.291992 0.305273
7 0.439355 0.749658 0.608789 0.500293
6 0.308252 0.412012 0.474902 0.260937
6 0.293506 0.287549 0.440137 0.0786133
7 0.295312 0.792627 0.590625 0.41416
0 0.65498 0.237695 0.281445 0.133203
