7 0.758789 0.652783 0.362305 0.305566
1 0.718018 0.464844 0.228223 0.223242
1 0.717041 0.43335 0.189941 0.109473
7 0.247998 0.474072 0.24209 0.55791
1 0.483984 0.217773 0.0542969 0.0367188
7 0.46875 0.487061 0.271289 0.528418
2 0.585547 0.454639 0.0441406 0.112402
0 0.32876 0.597266 0.040918 0.232813
3 0.961426 0.650635 0.0369141 0.0393555
2 0.681201 0.496387 0.084082 0.0767578
2 0.729639 0.491748 0.0520508 0.0866211
2 0.777539 0.507275 0.0808594 0.074707
2 0.691113 0.462939 0.0880859 0.0799805
