1 0.535107 0.606738 0.19248 0.101953
7 0.944238 0.841357 0.110742 0.0776367
6 0.625439 0.548877 0.346191 0.119043
1 0.919287 0.793115 0.0641602 0.168652
1 0.891016 0.803076 0.0935547 0.170605
7 0.233789 0.484229 0.417969 0.320215
1 0.643848 0.621289 0.0701172 0.0476562
7 0.357764 0.666162 0.31084 0.209277
5 0.403271 0.6896 0.0922852 0.0538086
1 0.320947 0.559277 0.191504 0.121484
1 0.676611 0.805176 0.418652 0.350977
5 0.384375 0.687256 0.0935547 0.0530273
5 0.378516 0.64917 0.103516 0.118848
5 0.303564 0.650781 0.177246 0.106641
7 0.898975 0.656006 0.165723 0.146777
7 0.688867 0.364697 0.527148 0.406543
1 0.719287 0.697412 0.357129 0.249512
7 0.968213 0.806104 0.062793 0.0932617
1 0.499023 0.728418 0.0820312 0.0615234
5 0.79375 0.606592 0.0611328 0.0391602
5 0.857275 0.654297 0.0770508 0.0431641
5 0.912842 0.605859 0.0870117 0.0708984
5 0.259912 0.673633 0.0999023 0.0605469
1 0.280762 0.333252 0.210352 0.0647461
