1 0.285645 0.383105 0.232422 0.43418
5 0.279834 0.246387 0.0428711 0.0257812
7 0.319482 0.227686 0.0575195 0.0579102
7 0.326514 0.232324 0.0444336 0.0320312
7 0.304199 0.259717 0.128711 0.0889648
1 0.216211 0.274121 0.0816406 0.0820312
1 0.306836 0.273291 0.0173828 0.0374023
1 0.476807 0.418018 0.158496 0.148145
7 0.434668 0.415283 0.0285156 0.150098
1 0.478027 0.401416 0.149023 0.230176
7 0.506934 0.361133 0.0283203 0.0410156
1 0.481885 0.416699 0.0401367 0.0515625
7 0.59165 0.377686 0.0850586 0.111816
1 0.525293 0.461475 0.0873047 0.113379
7 0.761182 0.307861 0.157715 0.160059
1 0.80459 0.417139 0.126953 0.169629
7 0.864844 0.43042 0.120508 0.18291
7 0.891748 0.534033 0.144629 0.142871
7 0.685156 0.449609 0.151562 0.216602
7 0.758545 0.563281 0.14209 0.139844
1 0.593115 0.582178 0.197168 0.330371
7 0.758008 0.679102 0.155469 0.24043
5 0.501758 0.647949 0.0669922 0.0625
7 0.491455 0.584961 0.101465 0.143555
5 0.654004 0.843896 0.108594 0.166699
7 0.471436 0.77832 0.325879 0.420312
5 0.568066 0.70459 0.0929688 0.12207
