7 0.222119 0.579736 0.278809 0.236816
7 0.670313 0.629492 0.390234 0.160742
7 0.431445 0.607764 0.156445 0.175879
0 0.360254 0.65498 0.0863281 0.0560547
0 0.594238 0.518701 0.116406 0.0374023
1 0.536182 0.511035 0.24502 0.0716797
7 0.34668 0.804102 0.50957 0.288672
1 0.517188 0.476562 0.125 0.0568359
4 0.363721 0.348291 0.0694336 0.0915039
6 0.55293 0.386426 0.238086 0.169141
5 0.334961 0.445654 0.109766 0.0629883
5 0.394336 0.46958 0.0902344 0.0686523
5 0.37915 0.40835 0.108105 0.0686523
5 0.440918 0.426807 0.102148 0.0803711
6 0.643799 0.392871 0.225488 0.102148
6 0.705811 0.308643 0.157715 0.196191
6 0.589795 0.296484 0.143848 0.14707
