1 0.51748 0.802539 0.272461 0.268359
2 0.338232 0.659082 0.158691 0.112891
2 0.581982 0.484961 0.19248 0.173828
2 0.758789 0.504248 0.215234 0.239551
2 0.37085 0.511865 0.19209 0.198926
2 0.539502 0.628711 0.308496 0.181055
2 0.729199 0.701123 0.268555 0.181543
2 0.235986 0.782324 0.241113 0.199609
2 0.46792 0.587646 0.187207 0.136621
2 0.258887 0.885937 0.298242 0.226172
1 0.624023 0.882324 0.450391 0.233398
0 0.428271 0.850244 0.0641602 0.166699
2 0.358643 0.760156 0.104785 0.163672
0 0.336328 0.958057 0.148828 0.0833008
