1 0.965088 0.0422363 0.0694336 0.0844727
1 0.499902 0.499854 0.999805 0.999707
0 0.434033 0.386865 0.106738 0.288184
2 0.433398 0.464795 0.0255859 0.0436523
7 0.483398 0.48335 0.117383 0.265918
5 0.523926 0.468457 0.0353516 0.144141
7 0.361523 0.230664 0.122852 0.0816406
0 0.361084 0.230713 0.120215 0.078418
7 0.715967 0.20835 0.141504 0.0549805
0 0.715332 0.214307 0.140234 0.0645508
7 0.70835 0.466455 0.505176 0.522559
4 0.404687 0.612402 0.248242 0.179102
5 0.342822 0.363574 0.229395 0.319141
4 0.609619 0.66123 0.262598 0.159766
4 0.640576 0.526514 0.238965 0.234082
4 0.607861 0.321631 0.221777 0.154199
3 0.385937 0.638086 0.275391 0.269141
