7 0.796973 0.529883 0.385547 0.308789
1 0.221533 0.437451 0.050293 0.113574
1 0.265576 0.444922 0.119043 0.107617
7 0.241406 0.310156 0.169336 0.0994141
1 0.33833 0.414062 0.300293 0.158984
1 0.427246 0.381592 0.482812 0.0860352
1 0.568457 0.381934 0.161328 0.0634766
1 0.489404 0.339893 0.362402 0.0950195
7 0.338281 0.167432 0.384961 0.334863
7 0.538574 0.297656 0.0605469 0.0228516
7 0.435059 0.574805 0.405078 0.245312
1 0.684668 0.807813 0.288672 0.243555
1 0.458838 0.778369 0.458691 0.359863
1 0.586621 0.483301 0.373633 0.246289
1 0.718115 0.891748 0.150488 0.156543
