3 0.463281 0.688281 0.926562 0.622656
0 0.81377 0.570605 0.37207 0.387891
5 0.660742 0.362256 0.0203125 0.0670898
5 0.310205 0.459131 0.396777 0.162988
0 0.624609 0.0536133 0.0707031 0.105859
1 0.765186 0.622021 0.103223 0.105176
1 0.562939 0.645703 0.12002 0.199414
1 0.596484 0.525635 0.0853516 0.116699
7 0.852197 0.203223 0.0446289 0.0988281
0 0.675879 0.0615234 0.116602 0.123047
7 0.854395 0.0782227 0.0744141 0.156445
7 0.758691 0.0785156 0.12793 0.108789
0 0.799756 0.146484 0.0692383 0.0443359
5 0.283643 0.603857 0.404004 0.302246
7 0.973877 0.337451 0.0518555 0.0889648
1 0.758008 0.396826 0.410938 0.543652
4 0.926172 0.195752 0.14707 0.391504
7 0.396484 0.0747559 0.440234 0.149512
1 0.102979 0.390527 0.0858398 0.0277344
