7 0.313379 0.55708 0.271094 0.493066
1 0.624023 0.593604 0.402734 0.43252
1 0.79917 0.474365 0.030957 0.172949
1 0.644336 0.322217 0.280273 0.253613
1 0.505225 0.502783 0.104199 0.184863
1 0.793311 0.473926 0.0290039 0.166016
1 0.552979 0.551416 0.0290039 0.068457
7 0.644092 0.246387 0.152246 0.125
1 0.773584 0.482275 0.0510742 0.12002
1 0.631348 0.268311 0.172852 0.0995117
1 0.638721 0.419482 0.249707 0.225879
7 0.569092 0.557666 0.0235352 0.0532227
6 0.759424 0.502686 0.037207 0.0536133
6 0.564941 0.535596 0.0376953 0.0407227
6 0.640186 0.53374 0.0987305 0.0198242
1 0.684619 0.540332 0.208105 0.0257812
1 0.683545 0.5604 0.219238 0.0426758
3 0.931592 0.538867 0.136426 0.0453125
3 0.922217 0.632227 0.15498 0.0429688
0 0.628027 0.590332 0.353711 0.0595703
