1 0.203857 0.636377 0.407715 0.419629
1 0.444971 0.617676 0.114746 0.142578
1 0.2771 0.673584 0.412012 0.222754
7 0.776807 0.671191 0.26123 0.172656
1 0.518408 0.520215 0.342285 0.215039
1 0.558545 0.506494 0.288379 0.167676
1 0.5521 0.502637 0.191504 0.158008
1 0.52085 0.4375 0.167285 0.193945
1 0.563477 0.223975 0.218945 0.352637
1 0.583496 0.257812 0.11875 0.0642578
1 0.778467 0.0747559 0.162012 0.148535
1 0.851562 0.0741699 0.296289 0.14834
1 0.823438 0.254053 0.351172 0.314746
1 0.866846 0.19751 0.265527 0.346973
1 0.626123 0.163574 0.181543 0.201172
1 0.564648 0.173242 0.0710937 0.0503906
1 0.717285 0.372363 0.164648 0.216992
2 0.832373 0.401074 0.0899414 0.0560547
