1 0.184375 0.691504 0.239063 0.263867
7 0.383398 0.656152 0.266211 0.291406
5 0.382422 0.517725 0.0710937 0.040918
5 0.43457 0.544873 0.102539 0.0555664
5 0.341943 0.562061 0.13291 0.0610352
5 0.352051 0.613086 0.0777344 0.0431641
5 0.415332 0.590674 0.132227 0.0950195
5 0.333984 0.657031 0.0410156 0.0376953
7 0.299951 0.608496 0.0918945 0.140625
7 0.787549 0.40918 0.23252 0.282227
7 0.603955 0.492773 0.164355 0.219727
5 0.598389 0.435791 0.0870117 0.0639648
7 0.785547 0.314355 0.192773 0.0597656
