0 0.499854 0.499854 0.999707 0.999707
0 0.475195 0.731396 0.479492 0.230176
4 0.576904 0.707178 0.0499023 0.0850586
4 0.398145 0.401758 0.0582031 0.0277344
4 0.588965 0.560303 0.118359 0.24502
4 0.5271 0.421973 0.0469727 0.0736328
4 0.521973 0.413525 0.110156 0.0657227
4 0.579004 0.509375 0.258594 0.177539
4 0.433057 0.382373 0.118066 0.0831055
4 0.36543 0.464209 0.0945312 0.101465
4 0.417676 0.559619 0.113086 0.128223
4 0.427393 0.618164 0.102832 0.10293
4 0.523193 0.615625 0.125684 0.161719
4 0.443311 0.468018 0.261621 0.196387
4 0.440283 0.708057 0.278809 0.126465
4 0.711279 0.75 0.109082 0.125977
4 0.507568 0.816113 0.31748 0.144141
4 0.656445 0.694678 0.200391 0.216309
0 0.763037 0.628857 0.143848 0.062793
