1 0.96333 0.100977 0.0727539 0.0441406
1 0.902588 0.113623 0.0618164 0.0188477
1 0.608105 0.228662 0.240039 0.136426
0 0.27334 0.044043 0.0386719 0.0439453
1 0.0441406 0.149268 0.0882813 0.0887695
1 0.243652 0.218408 0.31875 0.175879
1 0.127637 0.0707031 0.255273 0.141406
1 0.148975 0.11709 0.297949 0.134961
1 0.393359 0.0286621 0.257617 0.0573242
1 0.403467 0.152637 0.304199 0.293945
1 0.4896 0.146533 0.37002 0.233105
1 0.718701 0.095752 0.561816 0.191504
1 0.728369 0.0425293 0.450098 0.0850586
1 0.711621 0.0213379 0.301563 0.0426758
1 0.743604 0.0078125 0.136621 0.015625
1 0.851221 0.271436 0.296973 0.31123
1 0.982666 0.403857 0.034082 0.0776367
1 0.476318 0.275781 0.0889648 0.0183594
1 0.310498 0.402783 0.216895 0.187012
1 0.651465 0.458105 0.506641 0.375
1 0.576611 0.502832 0.621387 0.401562
1 0.53125 0.471533 0.600195 0.360645
