1 0.741602 0.541699 0.108203 0.110937
1 0.360645 0.621484 0.205859 0.113086
7 0.237695 0.487695 0.0857422 0.192383
1 0.222168 0.374658 0.0857422 0.145801
1 0.364795 0.526318 0.197754 0.149512
1 0.417285 0.449316 0.0853516 0.0916016
7 0.380078 0.511328 0.0722656 0.0140625
0 0.391992 0.505078 0.0583984 0.0162109
1 0.232227 0.47959 0.0486328 0.0744141
1 0.549854 0.485547 0.300684 0.281836
1 0.367871 0.40376 0.262695 0.208301
7 0.623779 0.454395 0.132324 0.0882813
7 0.562695 0.475586 0.191602 0.0517578
7 0.335156 0.381885 0.0535156 0.0186523
7 0.356836 0.396631 0.0763672 0.0229492
0 0.205273 0.832471 0.0527344 0.050293
