1 0.665869 0.725391 0.330371 0.246484
7 0.118701 0.339648 0.237402 0.473438
7 0.784717 0.346533 0.412012 0.247559
7 0.604346 0.254004 0.433496 0.292187
7 0.282422 0.345654 0.277148 0.238379
1 0.34458 0.874316 0.150098 0.0746094
0 0.840283 0.764062 0.0245117 0.176367
2 0.828564 0.768262 0.0584961 0.0478516
1 0.679395 0.772607 0.208008 0.454395
7 0.820312 0.540479 0.358789 0.241113
7 0.560645 0.462109 0.321094 0.27832
7 0.28335 0.643506 0.523145 0.462598
0 0.789697 0.682227 0.11377 0.0513672
1 0.626514 0.378369 0.0942383 0.040918
