7 0.688818 0.683154 0.0612305 0.168652
0 0.921094 0.577734 0.0837891 0.05625
2 0.9229 0.509131 0.153809 0.167676
0 0.57041 0.358643 0.0972656 0.157715
1 0.431201 0.239111 0.0776367 0.11377
1 0.282275 0.81875 0.0749023 0.0496094
1 0.164551 0.797949 0.0617188 0.0806641
2 0.329346 0.177539 0.133887 0.255273
1 0.340576 0.43125 0.272363 0.287695
1 0.22915 0.293164 0.299121 0.340234
1 0.230664 0.100195 0.0863281 0.131641
1 0.0291504 0.649902 0.0547852 0.119336
1 0.082959 0.675391 0.111816 0.117383
1 0.25542 0.771436 0.130957 0.0713867
1 0.232373 0.723877 0.0932617 0.110449
2 0.330078 0.673926 0.107617 0.17793
1 0.152148 0.63916 0.213086 0.263867
0 0.348975 0.585645 0.0188477 0.0429688
1 0.420996 0.704492 0.136133 0.108789
1 0.104932 0.818506 0.0510742 0.0760742
0 0.397949 0.723535 0.0880859 0.133594
1 0.218604 0.580713 0.257715 0.201074
1 0.405859 0.671094 0.0816406 0.0419922
1 0.494043 0.328711 0.135937 0.189844
7 0.587109 0.449707 0.143555 0.131641
2 0.518457 0.506982 0.193164 0.216309
2 0.443848 0.612402 0.192188 0.0939453
1 0.330176 0.686475 0.0789062 0.112402
1 0.351416 0.769873 0.138379 0.0522461
2 0.639746 0.622705 0.14707 0.236816
2 0.856201 0.381982 0.196973 0.252637
2 0.720264 0.393701 0.140332 0.23252
0 0.77627 0.244531 0.0322266 0.100195
1 0.768701 0.5646 0.135645 0.236426
0 0.593359 0.403418 0.0671875 0.0667969
