1 0.370801 0.422363 0.0482422 0.0371094
1 0.473975 0.0715332 0.109277 0.0666992
1 0.5271 0.0936523 0.0291992 0.0542969
1 0.399365 0.140576 0.219434 0.178809
1 0.464551 0.182373 0.232422 0.107129
1 0.534912 0.0414062 0.0276367 0.0828125
1 0.729932 0.133154 0.0475586 0.0524414
1 0.664404 0.0772461 0.250488 0.154492
1 0.64082 0.146143 0.161133 0.0868164
7 0.731934 0.173584 0.046875 0.0614258
1 0.211621 0.317041 0.0359375 0.0305664
1 0.276025 0.308203 0.148926 0.150391
1 0.569092 0.40083 0.29541 0.0461914
1 0.504736 0.292188 0.541504 0.278125
1 0.261035 0.425439 0.179688 0.169238
1 0.565332 0.479492 0.554688 0.196484
1 0.787842 0.824658 0.423926 0.185059
1 0.603271 0.448926 0.131934 0.075
2 0.446582 0.464355 0.0457031 0.0533203
1 0.515674 0.440674 0.161621 0.102246
1 0.707471 0.616992 0.584668 0.323242
1 0.518066 0.123389 0.0482422 0.0370117
1 0.454004 0.180566 0.199219 0.1
1 0.332422 0.237012 0.0591797 0.0232422
