7 0.528613 0.849561 0.588086 0.300684
7 0.899902 0.855127 0.2 0.289551
7 0.127832 0.915918 0.255664 0.167969
7 0.0815918 0.491992 0.133691 0.125195
7 0.173926 0.69043 0.347852 0.392578
7 0.023291 0.529297 0.046582 0.22207
7 0.295117 0.48252 0.542969 0.499023
5 0.408887 0.368945 0.164062 0.0705078
5 0.330225 0.429053 0.205176 0.0790039
5 0.191309 0.510303 0.0919922 0.135059
5 0.380566 0.479053 0.0373047 0.0325195
3 0.28252 0.580371 0.141406 0.0947266
5 0.291357 0.51665 0.198145 0.151855
5 0.171094 0.365723 0.252734 0.133398
5 0.255859 0.375684 0.273828 0.157812
1 0.735693 0.638379 0.528223 0.593555
4 0.75249 0.604346 0.0719727 0.0768555
3 0.569824 0.627295 0.09375 0.113574
3 0.717432 0.68335 0.0911133 0.052832
3 0.667188 0.615918 0.118359 0.0898438
5 0.858691 0.450146 0.118555 0.116504
5 0.599072 0.460742 0.134082 0.0822266
3 0.601221 0.538477 0.119629 0.0974609
4 0.823486 0.511768 0.156738 0.23291
5 0.84165 0.608936 0.121973 0.0803711
5 0.895361 0.546191 0.0475586 0.0867187
3 0.549609 0.689697 0.189453 0.118848
3 0.628711 0.68457 0.107227 0.0988281
3 0.663379 0.432617 0.103906 0.120117
5 0.729883 0.459961 0.175781 0.256836
0 0.548682 0.469482 0.0827148 0.12334
0 0.729883 0.568652 0.425195 0.214453
