5 0.725439 0.928857 0.244043 0.141504
5 0.641211 0.718604 0.408984 0.562207
1 0.846191 0.582812 0.0957031 0.161719
1 0.921582 0.726074 0.15625 0.385937
1 0.782861 0.749463 0.347949 0.291309
1 0.719727 0.797266 0.324414 0.12832
1 0.72041 0.78916 0.296875 0.0677734
1 0.688281 0.672266 0.362109 0.267188
1 0.489111 0.65542 0.140332 0.271777
1 0.318994 0.745557 0.231152 0.186816
1 0.408203 0.888428 0.304102 0.222559
1 0.248877 0.827344 0.141113 0.344531
1 0.153613 0.817822 0.195703 0.36377
1 0.0859375 0.899756 0.171875 0.199707
1 0.33877 0.45918 0.333789 0.199414
1 0.087793 0.84668 0.175586 0.204687
1 0.339648 0.622217 0.304297 0.241113
1 0.112988 0.581641 0.225977 0.357812
1 0.676465 0.562158 0.265625 0.252637
0 0.652246 0.722754 0.198437 0.0830078
0 0.767969 0.888037 0.108398 0.208691
1 0.654395 0.259766 0.366797 0.519531
