6 0.93042 0.334326 0.138574 0.0977539
7 0.962256 0.41709 0.074707 0.0697266
7 0.28042 0.396436 0.0674805 0.062207
1 0.633936 0.796484 0.36709 0.106445
1 0.165332 0.683398 0.330664 0.170898
0 0.0621582 0.732959 0.124316 0.0850586
1 0.198926 0.530859 0.397852 0.327148
1 0.600342 0.655518 0.489746 0.277246
0 0.754932 0.739355 0.0780273 0.30957
1 0.814355 0.829688 0.0591797 0.191211
1 0.885547 0.755371 0.164648 0.488867
1 0.920996 0.715869 0.0753906 0.43877
1 0.96333 0.730859 0.0727539 0.537695
1 0.433838 0.417773 0.266504 0.242773
1 0.764746 0.45 0.435547 0.304297
1 0.583887 0.343262 0.589648 0.34375
1 0.372412 0.353076 0.0708008 0.0905273
0 0.355029 0.398877 0.10752 0.0913086
