7 0.702295 0.972412 0.289941 0.0545898
7 0.642773 0.385205 0.114844 0.0436523
7 0.399316 0.224072 0.174609 0.12002
7 0.507715 0.256641 0.0957031 0.109766
7 0.542725 0.312988 0.0741211 0.151172
1 0.380713 0.326221 0.153809 0.210645
1 0.169189 0.752051 0.261426 0.405469
6 0.0733887 0.463281 0.146777 0.299609
6 0.239111 0.439209 0.224707 0.283105
7 0.469629 0.394531 0.24082 0.164648
7 0.351562 0.641553 0.478906 0.716309
1 0.376074 0.512549 0.112305 0.101855
7 0.0317383 0.965625 0.0634766 0.0681641
7 0.957568 0.767969 0.0842773 0.463281
1 0.854639 0.817627 0.290137 0.345605
1 0.726758 0.844189 0.229883 0.275098
1 0.479248 0.86543 0.341504 0.268555
1 0.52041 0.447217 0.217969 0.106152
1 0.609473 0.731836 0.671875 0.381641
1 0.542139 0.66499 0.396777 0.194434
1 0.544043 0.650146 0.355859 0.162012
1 0.503076 0.607178 0.0583008 0.062207
1 0.49585 0.610107 0.260645 0.141504
1 0.628613 0.592139 0.500781 0.243066
1 0.606104 0.455664 0.175098 0.0972656
1 0.700732 0.425928 0.0547852 0.0350586
1 0.786914 0.477539 0.220703 0.232813
1 0.845215 0.706836 0.131445 0.226562
7 0.0604004 0.703271 0.120801 0.545996
4 0.0904785 0.957715 0.0704102 0.0839844
6 0.238281 0.311865 0.0773438 0.153418
6 0.308398 0.291992 0.117773 0.174609
5 0.0828613 0.283838 0.0649414 0.0584961
0 0.726025 0.531592 0.327637 0.329004
