5 0.841943 0.462158 0.0899414 0.030957
7 0.562549 0.447998 0.535059 0.417871
5 0.417773 0.485352 0.0710937 0.0660156
0 0.418311 0.428027 0.040332 0.0828125
5 0.646533 0.407715 0.212988 0.130469
5 0.601416 0.398438 0.165723 0.119336
5 0.103516 0.498633 0.132227 0.0855469
4 0.291846 0.511133 0.166309 0.373047
4 0.405469 0.633154 0.104492 0.235645
4 0.616943 0.600928 0.152441 0.32041
4 0.505615 0.654639 0.194434 0.442676
4 0.694922 0.774219 0.13457 0.208594
7 0.904102 0.747266 0.123047 0.142383
5 0.889746 0.538281 0.219922 0.14707
1 0.964404 0.469629 0.0704102 0.0617188
4 0.262109 0.58916 0.204687 0.424805
