0 0.293018 0.886865 0.0895508 0.0932617
0 0.457324 0.798926 0.0724609 0.114453
7 0.911182 0.746191 0.141895 0.151172
0 0.701709 0.123486 0.0999023 0.112793
5 0.683203 0.213672 0.0568359 0.0873047
7 0.830273 0.393213 0.339062 0.486816
7 0.97876 0.411035 0.0418945 0.125
7 0.980859 0.333545 0.0376953 0.0770508
7 0.819287 0.115234 0.36084 0.230469
5 0.553809 0.464453 0.0744141 0.155078
7 0.702393 0.544678 0.303613 0.468262
5 0.769092 0.834131 0.247559 0.231152
7 0.345605 0.442285 0.420898 0.813867
5 0.446484 0.282275 0.124023 0.0975586
5 0.341943 0.203906 0.0692383 0.149805
0 0.600146 0.744336 0.046582 0.06875
