1 0.732373 0.491895 0.0610352 0.0677734
1 0.828906 0.690479 0.110156 0.0456055
0 0.800146 0.754785 0.0545898 0.0830078
1 0.888672 0.775635 0.222266 0.210645
6 0.813086 0.566992 0.190234 0.264844
1 0.464014 0.507471 0.168652 0.108105
1 0.463623 0.571484 0.159473 0.0972656
1 0.650879 0.633301 0.247266 0.289062
1 0.656104 0.5271 0.122754 0.12041
1 0.667139 0.588623 0.136426 0.124316
1 0.229639 0.308154 0.208301 0.206348
7 0.146582 0.555371 0.243555 0.327734
7 0.297021 0.344141 0.193652 0.217969
1 0.501855 0.322559 0.0488281 0.153125
6 0.406641 0.448389 0.0736328 0.0456055
1 0.458936 0.418799 0.132715 0.109473
1 0.450146 0.404883 0.0758789 0.0525391
1 0.470313 0.396973 0.110352 0.0558594
7 0.305566 0.589307 0.164648 0.31748
7 0.192676 0.652588 0.137891 0.290723
1 0.45127 0.688623 0.198633 0.172949
1 0.471094 0.590234 0.168359 0.144141
1 0.473779 0.644482 0.140918 0.137598
1 0.57085 0.563525 0.134668 0.295605
7 0.695068 0.52793 0.0428711 0.0314453
1 0.650439 0.310986 0.255176 0.349512
