0 0.227832 0.591016 0.0939453 0.230664
0 0.374023 0.415869 0.382227 0.221191
0 0.245215 0.545557 0.281445 0.140137
0 0.282959 0.763135 0.0665039 0.0317383
0 0.338623 0.73833 0.212988 0.0620117
0 0.520068 0.742383 0.0545898 0.0230469
7 0.412061 0.754834 0.0450195 0.0225586
7 0.423438 0.7104 0.182227 0.0850586
0 0.536035 0.707324 0.0701172 0.0634766
0 0.567432 0.649707 0.163379 0.107422
7 0.603027 0.650781 0.31582 0.0376953
7 0.530225 0.556055 0.292676 0.162695
7 0.536523 0.522852 0.324414 0.236133
7 0.344092 0.654443 0.328418 0.231934
