4 0.77627 0.430176 0.209961 0.230859
4 0.674072 0.474902 0.0426758 0.0376953
4 0.831201 0.362207 0.0670898 0.0671875
4 0.960693 0.375977 0.0708008 0.0654297
4 0.875146 0.479248 0.0479492 0.0428711
4 0.365674 0.592139 0.100488 0.0428711
4 0.241943 0.614404 0.141895 0.0989258
4 0.0560547 0.565186 0.112109 0.0520508
0 0.0687988 0.624072 0.137598 0.0848633
4 0.23833 0.509521 0.270215 0.0989258
4 0.330664 0.384619 0.0972656 0.0563477
0 0.220752 0.456885 0.108105 0.015918
4 0.0842773 0.70376 0.0462891 0.0473633
4 0.482666 0.855957 0.108105 0.0789062
4 0.251318 0.438477 0.162012 0.0734375
