1 0.797803 0.8125 0.207324 0.143359
1 0.705518 0.929736 0.337598 0.140137
1 0.580713 0.93877 0.163379 0.12207
1 0.206836 0.623877 0.413672 0.314746
1 0.288184 0.856982 0.24375 0.285449
1 0.439697 0.915771 0.270215 0.167871
1 0.31626 0.828955 0.190137 0.191699
1 0.371533 0.871338 0.152441 0.135449
1 0.315186 0.888135 0.0674805 0.112598
1 0.58584 0.780029 0.827734 0.292676
1 0.591553 0.681152 0.816113 0.414453
1 0.348584 0.900098 0.119043 0.111133
1 0.203809 0.869092 0.218555 0.261426
1 0.129639 0.829053 0.259277 0.175879
1 0.111133 0.918066 0.222266 0.163477
1 0.0431641 0.992041 0.0863281 0.015332
0 0.777148 0.972314 0.126953 0.0547852
