1 0.591992 0.520068 0.268555 0.112598
1 0.429834 0.362598 0.120996 0.0238281
1 0.592773 0.30835 0.401758 0.353223
1 0.545947 0.321289 0.0416992 0.0240234
1 0.600342 0.33335 0.143848 0.0381836
1 0.621045 0.536475 0.0522461 0.0217773
1 0.556201 0.432813 0.32998 0.176563
1 0.555029 0.453223 0.287988 0.157031
1 0.549756 0.304443 0.0823242 0.052832
7 0.294336 0.510498 0.426563 0.340527
7 0.339893 0.769482 0.396777 0.430762
5 0.459521 0.587451 0.167676 0.0364258
7 0.432373 0.613818 0.137207 0.102637
7 0.678174 0.683643 0.475488 0.307324
