1 0.43125 0.717432 0.0966797 0.0241211
1 0.247803 0.53833 0.17959 0.108496
1 0.413281 0.552441 0.153516 0.233789
1 0.398926 0.612109 0.19668 0.191797
1 0.261182 0.366211 0.25791 0.295312
1 0.213623 0.925635 0.26709 0.148145
1 0.222998 0.719678 0.328418 0.287988
1 0.696924 0.698193 0.168652 0.140527
1 0.553223 0.688184 0.125781 0.154102
1 0.437354 0.861963 0.189746 0.275488
1 0.681348 0.9854 0.317969 0.028418
1 0.683057 0.852197 0.323926 0.285059
1 0.70083 0.59458 0.163965 0.221582
1 0.714209 0.365723 0.158496 0.25
1 0.562549 0.513086 0.147363 0.223242
1 0.577441 0.31333 0.135937 0.215918
