0 0.299902 0.67915 0.162695 0.0969727
0 0.444434 0.671338 0.479492 0.137402
3 0.469873 0.295312 0.194434 0.175391
0 0.175879 0.316699 0.147461 0.113086
2 0.183545 0.667822 0.17002 0.122754
5 0.170264 0.442334 0.165332 0.332129
2 0.679688 0.571289 0.175586 0.148047
4 0.583154 0.488965 0.0803711 0.0578125
4 0.622412 0.530664 0.0879883 0.0945312
4 0.280273 0.433154 0.0453125 0.0850586
4 0.894482 0.481055 0.122363 0.0929688
4 0.427393 0.272217 0.0803711 0.052832
4 0.355811 0.45 0.0879883 0.0294922
4 0.951758 0.130127 0.0958984 0.12627
