7 0.131738 0.876123 0.0541016 0.0961914
6 0.750391 0.491797 0.191211 0.152148
1 0.611523 0.669678 0.0578125 0.101855
7 0.487354 0.884961 0.415723 0.229492
1 0.446777 0.677197 0.27207 0.415332
0 0.559668 0.471533 0.0439453 0.0694336
1 0.441602 0.501025 0.193164 0.303613
1 0.224414 0.68042 0.0625 0.0618164
1 0.329248 0.844775 0.062207 0.133301
1 0.3229 0.914648 0.0288086 0.0634766
1 0.359229 0.884619 0.0686523 0.096582
1 0.322412 0.944141 0.11709 0.111133
1 0.370801 0.981934 0.0386719 0.0353516
0 0.294141 0.896143 0.0460938 0.167285
1 0.224121 0.86958 0.119336 0.260254
1 0.225098 0.784717 0.0835937 0.148145
0 0.182812 0.888574 0.179102 0.222266
0 0.751123 0.440088 0.18877 0.0336914
0 0.750488 0.47168 0.1875 0.0267578
