9 0.340723 0.396191 0.115039 0.147461
5 0.250635 0.586182 0.117285 0.0889648
5 0.293018 0.402441 0.0731445 0.0601563
5 0.217432 0.456201 0.102441 0.186816
5 0.131445 0.268457 0.168164 0.219531
7 0.0968262 0.521338 0.193652 0.349512
1 0.209961 0.864453 0.0826172 0.270508
7 0.615723 0.687549 0.183789 0.175293
7 0.925879 0.431592 0.147852 0.262598
6 0.921924 0.548096 0.155762 0.234473
6 0.857959 0.514746 0.211035 0.233789
0 0.687354 0.419287 0.0573242 0.0450195
7 0.522412 0.52002 0.209082 0.230469
1 0.418896 0.47085 0.115527 0.162012
9 0.805322 0.713135 0.328418 0.354199
1 0.300879 0.50332 0.162695 0.179883
0 0.352002 0.607471 0.0989258 0.138184
6 0.384814 0.828906 0.301855 0.341602
5 0.159375 0.698242 0.208594 0.157031
5 0.0227051 0.744434 0.0454102 0.102539
7 0.0303711 0.900244 0.0607422 0.19873
7 0.394971 0.490186 0.0666992 0.0995117
