6 0.773145 0.488525 0.104492 0.0961914
6 0.563184 0.428369 0.222266 0.19873
6 0.418213 0.551807 0.208691 0.145215
6 0.29502 0.685352 0.148828 0.106836
6 0.291162 0.755811 0.174902 0.140527
7 0.129443 0.642529 0.258887 0.640918
6 0.700537 0.542041 0.212598 0.228223
6 0.904443 0.669922 0.105176 0.0806641
6 0.599512 0.663037 0.217578 0.203027
6 0.519189 0.632324 0.281738 0.232813
6 0.49541 0.649854 0.0886719 0.0760742
6 0.5 0.57373 0.173242 0.113086
0 0.702197 0.56167 0.207324 0.106152
6 0.411523 0.478369 0.214648 0.153809
7 0.368359 0.469531 0.12168 0.154102
