1 0.0625977 0.790381 0.0513672 0.197754
9 0.287598 0.612939 0.472461 0.294629
7 0.680566 0.504834 0.350195 0.518848
9 0.681152 0.547168 0.348438 0.409766
7 0.632275 0.722656 0.21748 0.102148
9 0.632666 0.722754 0.214746 0.100195
9 0.328076 0.581006 0.437988 0.281738
9 0.338184 0.484961 0.451172 0.223242
9 0.30708 0.325684 0.487598 0.203711
9 0.761035 0.935547 0.0929688 0.12832
7 0.492676 0.960938 0.266602 0.0773438
6 0.931201 0.886914 0.094043 0.164062
7 0.913232 0.964648 0.173145 0.0701172
1 0.910693 0.423975 0.178027 0.279785
1 0.94502 0.833008 0.0478516 0.0429688
1 0.954443 0.698242 0.0905273 0.293359
