1 0.241211 0.636963 0.0539063 0.047168
7 0.557031 0.547119 0.730469 0.52627
1 0.133447 0.696729 0.266895 0.136426
1 0.133936 0.683643 0.249316 0.12373
1 0.134277 0.60083 0.268555 0.0637695
1 0.107471 0.638867 0.214941 0.0966797
1 0.138232 0.579102 0.276465 0.0753906
1 0.096875 0.568555 0.18457 0.0339844
1 0.177441 0.504541 0.096875 0.0979492
1 0.0739258 0.550732 0.147852 0.0702148
1 0.250635 0.479053 0.151465 0.131152
1 0.0924316 0.462451 0.184863 0.122754
1 0.115625 0.408594 0.0519531 0.0439453
