1 0.649902 0.585449 0.0771484 0.223828
1 0.54082 0.398926 0.242773 0.282031
1 0.542871 0.381641 0.0927734 0.12168
1 0.209863 0.69082 0.213281 0.259961
1 0.284082 0.519482 0.273047 0.30752
1 0.827881 0.494678 0.251465 0.214941
1 0.816455 0.324219 0.312012 0.132617
1 0.823926 0.308008 0.0798828 0.0591797
1 0.455615 0.780859 0.28623 0.352148
1 0.424219 0.827686 0.177344 0.0541992
1 0.468506 0.799902 0.27627 0.0892578
1 0.33042 0.750684 0.0180664 0.131641
1 0.362109 0.723096 0.0679687 0.143848
1 0.502344 0.621729 0.260156 0.360449
1 0.43877 0.750879 0.179102 0.144531
1 0.31582 0.357666 0.367773 0.318457
1 0.338037 0.163184 0.279785 0.326367
