5 0.622021 0.752051 0.0879883 0.0908203
5 0.623047 0.522314 0.0462891 0.0436523
5 0.941504 0.3854 0.0701172 0.134473
0 0.67959 0.779492 0.640234 0.44043
4 0.400586 0.84292 0.0525391 0.0702148
0 0.65293 0.246582 0.156445 0.0605469
5 0.855859 0.269336 0.287695 0.172656
5 0.966895 0.483105 0.0654297 0.0808594
5 0.722217 0.376025 0.457715 0.323926
5 0.901318 0.480762 0.104199 0.0503906
5 0.888574 0.525244 0.222266 0.107129
4 0.764551 0.596631 0.171289 0.255176
5 0.741748 0.6875 0.254004 0.15625
5 0.256934 0.437598 0.37168 0.140625
5 0.317285 0.453271 0.127344 0.0766602
5 0.384863 0.55249 0.118359 0.072168
5 0.489697 0.408594 0.150098 0.127734
5 0.41123 0.486719 0.165039 0.139648
5 0.514404 0.550488 0.229199 0.205078
5 0.523291 0.656299 0.470605 0.267871
5 0.335156 0.825 0.170313 0.217969
5 0.195557 0.537061 0.282715 0.153027
5 0.262207 0.566602 0.171289 0.109375
5 0.156885 0.622607 0.200098 0.114355
5 0.183496 0.794873 0.0720703 0.037207
5 0.322119 0.644141 0.178613 0.129492
7 0.210986 0.89209 0.305566 0.215234
7 0.111914 0.727344 0.223828 0.294922
7 0.0406738 0.926318 0.0813477 0.146777
0 0.232129 0.793457 0.0496094 0.0412109
5 0.510596 0.833936 0.18252 0.154004
5 0.175049 0.707861 0.200684 0.12002
5 0.987549 0.406689 0.0241211 0.0575195
