1 0.255713 0.0985352 0.282715 0.19707
1 0.325928 0.505566 0.481152 0.777734
4 0.397559 0.400488 0.0753906 0.240039
4 0.303809 0.40459 0.0882813 0.0816406
1 0.235986 0.542187 0.0895508 0.163672
1 0.271436 0.458789 0.180762 0.266211
5 0.259912 0.587109 0.0536133 0.0591797
1 0.275537 0.0494141 0.221191 0.0988281
1 0.174414 0.0133789 0.0929688 0.0267578
7 0.724609 0.487793 0.369336 0.576758
1 0.829492 0.322949 0.104883 0.180859
1 0.741016 0.402148 0.137695 0.244727
4 0.64209 0.481494 0.0699219 0.195801
4 0.700732 0.510742 0.0547852 0.122656
4 0.786621 0.484082 0.0955078 0.152734
4 0.346826 0.469922 0.165918 0.147461
4 0.740039 0.367578 0.0367188 0.0525391
4 0.768018 0.543311 0.0776367 0.115723
4 0.720215 0.553906 0.0431641 0.0734375
4 0.597607 0.477344 0.0344727 0.178906
4 0.590625 0.522461 0.0220703 0.0734375
4 0.632178 0.55459 0.0208008 0.0496094
0 0.798975 0.482764 0.0280273 0.040332
0 0.82666 0.411377 0.0302734 0.0416992
