7 0.364893 0.366797 0.12998 0.112109
7 0.257129 0.471533 0.235156 0.216309
7 0.438867 0.479053 0.191797 0.140137
7 0.744531 0.44458 0.151172 0.158496
7 0.901318 0.319385 0.196777 0.139355
7 0.625488 0.324023 0.409766 0.389648
7 0.940918 0.388672 0.117383 0.207813
7 0.894971 0.607373 0.209277 0.312988
7 0.716797 0.478857 0.0644531 0.0444336
7 0.683398 0.54292 0.288672 0.167676
7 0.460352 0.575586 0.142187 0.0837891
7 0.419531 0.701318 0.284766 0.245801
7 0.749365 0.693408 0.162012 0.158691
7 0.655469 0.816406 0.212305 0.238867
7 0.854834 0.43125 0.0833008 0.0966797
7 0.593604 0.605615 0.233496 0.200879
7 0.865527 0.825342 0.268164 0.256738
7 0.306201 0.433154 0.0383789 0.0602539
2 0.23623 0.411719 0.0591797 0.0347656
7 0.277783 0.432568 0.0436523 0.025293
7 0.190137 0.42793 0.0601563 0.0751953
7 0.195898 0.429443 0.13457 0.0180664
7 0.216895 0.445166 0.0462891 0.0401367
