1 0.534912 0.51958 0.345605 0.266895
1 0.334863 0.683643 0.233789 0.245801
1 0.341064 0.695117 0.128613 0.0900391
2 0.363379 0.657861 0.0515625 0.0483398
2 0.470605 0.341357 0.0357422 0.0299805
2 0.437988 0.419775 0.0453125 0.0235352
1 0.663477 0.54834 0.0591797 0.0367188
7 0.682275 0.725342 0.399512 0.384668
0 0.722266 0.606299 0.0376953 0.0518555
0 0.70835 0.589209 0.0211914 0.0454102
1 0.651465 0.431494 0.0925781 0.0649414
1 0.637109 0.386279 0.0519531 0.0299805
1 0.592725 0.410352 0.0823242 0.108398
7 0.642676 0.452539 0.102148 0.0265625
5 0.553271 0.406494 0.0469727 0.0922852
