7 0.574609 0.693945 0.0591797 0.0615234
7 0.541162 0.722803 0.056543 0.0786133
7 0.587354 0.777588 0.122363 0.180762
7 0.527344 0.544531 0.0896484 0.0816406
7 0.629785 0.455518 0.110742 0.102441
6 0.716602 0.449658 0.0582031 0.0352539
7 0.793115 0.527393 0.202051 0.177832
5 0.77085 0.448193 0.084668 0.0426758
5 0.825928 0.433008 0.0493164 0.0257812
7 0.742432 0.302832 0.23877 0.269336
7 0.947119 0.61626 0.105176 0.109082
7 0.834668 0.733252 0.255273 0.290918
7 0.680225 0.578271 0.331348 0.265137
7 0.659033 0.457031 0.062207 0.0503906
7 0.692773 0.487842 0.05625 0.0317383
7 0.734473 0.820947 0.335938 0.244043
7 0.212988 0.645605 0.179883 0.231641
5 0.267969 0.552686 0.0439453 0.0334961
7 0.36958 0.664453 0.294629 0.310547
7 0.436816 0.862598 0.227539 0.228711
7 0.449756 0.690381 0.204395 0.199121
1 0.569482 0.222559 0.228223 0.277539
