7 0.148584 0.408398 0.0446289 0.191797
7 0.478662 0.375537 0.00947266 0.0956055
7 0.317285 0.838818 0.242773 0.321777
7 0.43584 0.328564 0.0865234 0.207324
7 0.502979 0.187207 0.115527 0.125
7 0.761572 0.333984 0.270605 0.406055
7 0.504248 0.799121 0.200879 0.401172
7 0.576367 0.470898 0.198437 0.275781
1 0.65957 0.0839844 0.151562 0.167969
1 0.704736 0.057666 0.0260742 0.0479492
1 0.68418 0.0350586 0.0542969 0.0701172
6 0.644971 0.028418 0.0444336 0.0568359
1 0.594727 0.0599121 0.0248047 0.0741211
7 0.586426 0.224658 0.235352 0.289355
7 0.36958 0.417822 0.225684 0.44873
7 0.498877 0.160742 0.0756836 0.0376953
7 0.276416 0.515723 0.228418 0.514258
