3 0.655371 0.38667 0.0310547 0.0317383
3 0.643896 0.325488 0.0674805 0.0974609
3 0.703906 0.537695 0.0162109 0.0486328
5 0.493896 0.549072 0.0374023 0.0262695
3 0.492676 0.530762 0.0396484 0.0515625
3 0.447559 0.420654 0.0214844 0.0793945
3 0.503906 0.29043 0.19375 0.0689453
3 0.697314 0.439355 0.0665039 0.164453
3 0.479004 0.467285 0.0519531 0.0837891
3 0.475195 0.426807 0.0515625 0.0629883
3 0.527295 0.341455 0.207324 0.114551
3 0.713477 0.372559 0.0916016 0.113086
3 0.4979 0.230127 0.205371 0.113574
3 0.759375 0.346875 0.168945 0.0791016
3 0.751025 0.260889 0.240723 0.13291
5 0.379492 0.375781 0.127344 0.173633
1 0.29751 0.535059 0.170996 0.349414
3 0.417676 0.517139 0.12832 0.126465
4 0.796826 0.429395 0.147168 0.127734
4 0.788623 0.586035 0.167285 0.31543
7 0.599316 0.514648 0.209961 0.432031
1 0.161377 0.544141 0.225488 0.353711
3 0.47085 0.724072 0.175879 0.0850586
3 0.464307 0.68291 0.18252 0.10293
3 0.456348 0.627881 0.19375 0.145605
4 0.665186 0.692725 0.166309 0.27334
