4 0.649951 0.326123 0.0823242 0.0416992
1 0.614209 0.668311 0.613379 0.185254
0 0.465479 0.601953 0.286035 0.0550781
1 0.490771 0.63418 0.18916 0.114062
0 0.272314 0.606982 0.0584961 0.0493164
7 0.347412 0.575928 0.104785 0.0362305
0 0.342627 0.493457 0.146191 0.137695
0 0.423633 0.578711 0.0595703 0.0304687
0 0.0472656 0.7521 0.0945312 0.0870117
5 0.624512 0.508154 0.274805 0.175098
0 0.363574 0.576855 0.25293 0.232617
0 0.918604 0.504248 0.162012 0.103223
0 0.815869 0.351172 0.108496 0.273828
5 0.905371 0.451123 0.188477 0.139355
0 0.786865 0.463916 0.10752 0.040918
1 0.758545 0.551074 0.396777 0.204883
5 0.677441 0.377051 0.298633 0.180273
7 0.722998 0.514404 0.212598 0.0913086
