1 0.567822 0.524951 0.062793 0.056543
1 0.575488 0.529932 0.0458984 0.0446289
7 0.872607 0.774512 0.254199 0.203711
6 0.177686 0.668604 0.260645 0.316113
1 0.332373 0.808643 0.114551 0.162988
0 0.430322 0.87749 0.0491211 0.0208008
1 0.105518 0.604834 0.198145 0.23877
5 0.234277 0.828223 0.0771484 0.0691406
1 0.180176 0.863965 0.360352 0.271484
1 0.488379 0.713818 0.231641 0.329004
6 0.766699 0.832715 0.466016 0.287695
0 0.65332 0.954736 0.0476562 0.0469727
0 0.650342 0.983008 0.0803711 0.0333984
1 0.259473 0.529639 0.293164 0.400488
1 0.366553 0.430859 0.106152 0.202344
6 0.258936 0.450586 0.115527 0.139258
