1 0.245361 0.543799 0.218457 0.0532227
7 0.461377 0.792383 0.0374023 0.0681641
1 0.303174 0.38457 0.346973 0.220898
1 0.416211 0.50708 0.172656 0.289355
5 0.240479 0.614209 0.108887 0.0856445
7 0.933252 0.679541 0.13291 0.553613
1 0.543799 0.765527 0.138184 0.0958984
1 0.439502 0.694287 0.269824 0.31709
1 0.400879 0.597217 0.0671875 0.100488
7 0.744922 0.600098 0.0671875 0.0929688
7 0.847852 0.617529 0.220508 0.297949
1 0.761035 0.890381 0.109375 0.155762
7 0.793652 0.747705 0.204883 0.233496
1 0.651074 0.801758 0.116602 0.11875
1 0.317773 0.515674 0.317188 0.0584961
5 0.554443 0.644531 0.273535 0.183203
1 0.35625 0.72002 0.228906 0.302539
1 0.313623 0.7146 0.0592773 0.12041
5 0.339258 0.637695 0.0982422 0.0744141
1 0.64585 0.455518 0.343262 0.30459
6 0.543604 0.635645 0.18252 0.117773
5 0.357373 0.711279 0.0913086 0.096582
1 0.456152 0.569092 0.0421875 0.0456055
6 0.545508 0.559229 0.14707 0.125684
5 0.564648 0.599707 0.0642578 0.0525391
2 0.498145 0.606787 0.0726563 0.0508789
2 0.496094 0.597705 0.0681641 0.0479492
0 0.493506 0.589307 0.0713867 0.0522461
0 0.491553 0.575879 0.0704102 0.0638672
1 0.648584 0.618213 0.0336914 0.0670898
