6 0.873389 0.572803 0.252637 0.18877
7 0.12373 0.439746 0.134961 0.114062
1 0.464453 0.521631 0.0519531 0.0374023
7 0.927637 0.399219 0.131641 0.0845703
5 0.986621 0.426953 0.0261719 0.0607422
5 0.928613 0.482373 0.142187 0.170605
5 0.856689 0.49668 0.237793 0.232422
7 0.232471 0.53833 0.339941 0.26416
7 0.620654 0.575439 0.312793 0.305566
5 0.625781 0.430811 0.100195 0.138379
5 0.581494 0.431934 0.112793 0.122266
0 0.616553 0.496582 0.104199 0.0746094
5 0.194092 0.465771 0.0833008 0.0719727
5 0.25415 0.514062 0.140527 0.0890625
5 0.141211 0.500537 0.0634766 0.0178711
7 0.265576 0.552881 0.110449 0.0686523
