5 0.419678 0.284912 0.43252 0.315137
5 0.3021 0.484473 0.0987305 0.157422
5 0.603516 0.29707 0.0929688 0.0505859
5 0.451465 0.375684 0.266602 0.291016
5 0.468506 0.455029 0.241113 0.341895
5 0.712549 0.32124 0.140332 0.109473
5 0.306836 0.647266 0.180078 0.25293
7 0.549219 0.463916 0.330078 0.362402
5 0.843408 0.413721 0.200684 0.149512
6 0.834473 0.673926 0.241797 0.376367
5 0.729932 0.476367 0.364551 0.230469
5 0.623193 0.901416 0.22002 0.196387
7 0.315381 0.665723 0.146582 0.0410156
7 0.631738 0.700879 0.542188 0.561133
0 0.287939 0.587451 0.0481445 0.133301
5 0.600537 0.705371 0.461035 0.544336
