6 0.895117 0.214258 0.0496094 0.0529297
1 0.922168 0.267529 0.155273 0.103809
7 0.964014 0.292627 0.0713867 0.13291
7 0.875879 0.304053 0.111328 0.191504
7 0.932617 0.586816 0.13418 0.483789
0 0.79209 0.494775 0.176367 0.54502
5 0.571582 0.676221 0.245312 0.171973
5 0.572266 0.643018 0.254688 0.147168
5 0.575537 0.616602 0.263184 0.151172
5 0.576025 0.59082 0.275098 0.151172
5 0.545654 0.556543 0.356152 0.166016
5 0.549512 0.544336 0.361328 0.169336
7 0.291553 0.671338 0.363379 0.483496
5 0.551807 0.519678 0.36709 0.18291
5 0.553809 0.437012 0.375 0.319141
5 0.536816 0.459131 0.0523438 0.0584961
5 0.587256 0.416016 0.0520508 0.0496094
5 0.669727 0.426074 0.0736328 0.135937
5 0.606543 0.460352 0.0736328 0.143555
1 0.937598 0.273633 0.0414062 0.0472656
5 0.927051 0.235937 0.0332031 0.0333984
5 0.937891 0.243555 0.0414062 0.0234375
1 0.264209 0.580908 0.21748 0.165723
7 0.910547 0.365576 0.0662109 0.0704102
5 0.540039 0.501025 0.0890625 0.139551
