1 0.114258 0.433008 0.228516 0.264844
1 0.105029 0.405029 0.164355 0.0297852
1 0.361914 0.683789 0.360156 0.213281
1 0.395313 0.518945 0.519531 0.315234
1 0.685205 0.672168 0.312207 0.342773
1 0.616553 0.591602 0.155762 0.16543
1 0.767822 0.550635 0.163379 0.153809
2 0.617529 0.631006 0.111426 0.105176
1 0.722021 0.629834 0.152441 0.109863
1 0.708691 0.660352 0.0820312 0.0498047
0 0.798779 0.599561 0.0856445 0.0454102
1 0.76748 0.634766 0.113086 0.0810547
1 0.431055 0.329639 0.456055 0.279785
7 0.471582 0.249805 0.304883 0.279297
