7 0.534766 0.511426 0.125 0.24707
7 0.81748 0.185352 0.229687 0.211328
1 0.76626 0.501953 0.353418 0.365039
1 0.420898 0.593311 0.173633 0.146191
6 0.726318 0.288721 0.353418 0.357129
7 0.417871 0.810059 0.306055 0.379297
1 0.403467 0.423242 0.365527 0.260547
7 0.386572 0.577051 0.183301 0.12168
1 0.381104 0.463965 0.165918 0.0482422
1 0.398584 0.441455 0.19541 0.0436523
1 0.425732 0.408398 0.249707 0.06875
1 0.40415 0.306543 0.412402 0.19375
6 0.375391 0.182568 0.297852 0.337988
1 0.359619 0.318164 0.187012 0.0734375
5 0.427344 0.702197 0.0773438 0.0842773
7 0.35542 0.701172 0.0674805 0.0439453
0 0.383105 0.75083 0.24082 0.0790039
1 0.365332 0.835547 0.150781 0.12207
1 0.298633 0.81123 0.0421875 0.0767578
0 0.304932 0.802588 0.0676758 0.0536133
1 0.852881 0.109277 0.293652 0.218555
1 0.966406 0.30293 0.0533203 0.0925781
1 0.910059 0.262402 0.0800781 0.127344
1 0.859082 0.406592 0.177539 0.14248
1 0.872852 0.624512 0.253711 0.588281
7 0.892822 0.576416 0.21377 0.482129
6 0.680762 0.456494 0.169141 0.212012
7 0.642383 0.704687 0.171094 0.275781
0 0.628857 0.479004 0.113379 0.209961
0 0.686865 0.538232 0.0225586 0.100879
0 0.268799 0.775439 0.0208008 0.0422852
