7 0.439014 0.376758 0.112793 0.19043
7 0.456689 0.360693 0.062207 0.103418
7 0.918115 0.0910156 0.162988 0.0882813
6 0.47583 0.66084 0.084668 0.0984375
7 0.324951 0.462256 0.133301 0.0713867
7 0.31001 0.506299 0.113379 0.0885742
7 0.130615 0.458447 0.26123 0.21748
7 0.38291 0.491162 0.0476562 0.0741211
7 0.331299 0.562061 0.158691 0.12998
7 0.130615 0.612842 0.26123 0.261426
7 0.15459 0.510107 0.1875 0.133887
7 0.270703 0.611719 0.233789 0.120313
7 0.218408 0.745654 0.330371 0.296387
6 0.46333 0.51499 0.148145 0.216504
6 0.525781 0.362939 0.101172 0.136621
6 0.553369 0.251074 0.12666 0.109375
7 0.739697 0.348242 0.519824 0.461328
7 0.706885 0.744629 0.585645 0.409961
0 0.326367 0.579102 0.0496094 0.0283203
