5 0.468945 0.192188 0.0396484 0.126367
0 0.465137 0.267676 0.0285156 0.0638672
1 0.739502 0.305908 0.520605 0.517871
1 0.415137 0.296973 0.175586 0.212305
5 0.85083 0.580371 0.0592773 0.116406
1 0.713037 0.80625 0.0178711 0.0185547
7 0.916992 0.687354 0.16543 0.422949
7 0.759277 0.686865 0.203125 0.427246
5 0.509326 0.423291 0.118848 0.139551
7 0.0616699 0.593896 0.114355 0.165332
9 0.0225586 0.835986 0.0451172 0.175879
1 0.00844727 0.74375 0.0168945 0.0548828
1 0.330859 0.608984 0.591797 0.781445
5 0.743652 0.294971 0.164453 0.225488
7 0.756055 0.402588 0.0900391 0.0961914
