7 0.544531 0.159912 0.129688 0.18291
1 0.59917 0.166309 0.0922852 0.135547
7 0.702979 0.272168 0.22002 0.257227
7 0.749121 0.459521 0.149023 0.234473
5 0.734619 0.414014 0.0272461 0.0231445
5 0.713428 0.436963 0.0538086 0.046582
5 0.70752 0.407568 0.0384766 0.0208008
5 0.766943 0.442188 0.0547852 0.05625
7 0.239063 0.34541 0.208789 0.266211
7 0.372021 0.272461 0.228223 0.297656
7 0.532178 0.421094 0.312793 0.50957
1 0.196582 0.661719 0.171875 0.241406
7 0.376367 0.641846 0.36582 0.546973
1 0.763867 0.221191 0.0644531 0.0462891
