1 0.470117 0.638232 0.889258 0.534473
1 0.584424 0.668311 0.046582 0.031543
1 0.609912 0.7021 0.0670898 0.0793945
1 0.262598 0.639844 0.0410156 0.0212891
1 0.524658 0.709668 0.135254 0.0642578
1 0.539209 0.690479 0.150488 0.0749023
1 0.37251 0.671973 0.208691 0.0662109
1 0.594189 0.54541 0.646777 0.237109
1 0.571387 0.318115 0.69043 0.426855
1 0.0897949 0.753809 0.17959 0.491797
1 0.376855 0.442578 0.0400391 0.0478516
1 0.510742 0.303174 0.413672 0.320215
1 0.639551 0.560303 0.506641 0.204395
1 0.625 0.477734 0.373633 0.0863281
0 0.139062 0.925244 0.176953 0.136621
