6 0.531641 0.573926 0.313281 0.380664
6 0.524268 0.515527 0.180566 0.135547
1 0.328711 0.685498 0.320703 0.353223
1 0.307666 0.715576 0.0418945 0.0350586
1 0.250732 0.640039 0.102637 0.192773
1 0.310059 0.599268 0.204883 0.129004
7 0.663477 0.188818 0.432031 0.377637
0 0.8354 0.345898 0.0418945 0.0257812
6 0.617041 0.500146 0.267871 0.0995117
6 0.65166 0.385547 0.41543 0.169336
6 0.774316 0.583154 0.204883 0.149121
7 0.700244 0.0499512 0.0766602 0.0999023
6 0.602002 0.29873 0.274512 0.198047
1 0.365332 0.654102 0.215234 0.143555
6 0.781934 0.470264 0.139844 0.255957
0 0.236621 0.842432 0.0595703 0.0584961
