1 0.433398 0.523291 0.159766 0.163184
1 0.418994 0.435352 0.0317383 0.0736328
1 0.430518 0.459326 0.0198242 0.0555664
1 0.446729 0.444043 0.0297852 0.117773
1 0.460156 0.430078 0.0644531 0.134961
0 0.474707 0.515137 0.0333984 0.0451172
1 0.53125 0.570459 0.166992 0.149316
1 0.615723 0.626563 0.344531 0.223438
7 0.586865 0.604053 0.0836914 0.0702148
7 0.592725 0.600537 0.0512695 0.0354492
1 0.780078 0.893896 0.363086 0.211816
1 0.704492 0.820068 0.302539 0.278027
1 0.73252 0.765625 0.222266 0.177539
1 0.777295 0.808252 0.104199 0.111621
1 0.795459 0.818652 0.0413086 0.0505859
1 0.809961 0.814404 0.0439453 0.0831055
1 0.80874 0.741748 0.0665039 0.0573242
1 0.814453 0.780225 0.0515625 0.0868164
1 0.91167 0.840283 0.175879 0.265918
1 0.919824 0.770898 0.159766 0.149023
6 0.81958 0.681689 0.227832 0.0379883
5 0.762256 0.656006 0.0575195 0.015332
6 0.775439 0.624707 0.214941 0.0773438
1 0.866113 0.596484 0.267188 0.163672
1 0.926221 0.679102 0.146777 0.160742
1 0.578857 0.494092 0.233105 0.130957
1 0.570898 0.452979 0.230469 0.117285
1 0.555713 0.426074 0.42959 0.227148
0 0.540479 0.408008 0.090918 0.0560547
0 0.74668 0.559619 0.034375 0.0573242
1 0.613086 0.432666 0.44043 0.212598
1 0.628271 0.414697 0.468262 0.183496
7 0.890576 0.391357 0.218262 0.166699
7 0.90918 0.488379 0.180859 0.103711
6 0.988721 0.461084 0.0217773 0.0749023
0 0.656152 0.497559 0.338672 0.113086
7 0.482324 0.223535 0.130664 0.161914
7 0.546191 0.253711 0.310547 0.236133
7 0.43125 0.829883 0.292969 0.285742
0 0.648633 0.578809 0.158398 0.115039
