0 0.499854 0.499854 0.999707 0.999707
7 0.533545 0.851709 0.309863 0.250488
5 0.870557 0.679443 0.258301 0.281543
5 0.938818 0.633057 0.0899414 0.113379
0 0.715479 0.647217 0.100879 0.094043
0 0.844922 0.653369 0.19707 0.151074
5 0.628027 0.72041 0.582031 0.47793
5 0.655762 0.2896 0.218945 0.212598
5 0.678271 0.492773 0.264551 0.261914
5 0.594727 0.466064 0.283398 0.150293
5 0.873877 0.450586 0.25166 0.227148
7 0.969678 0.439209 0.046582 0.0758789
7 0.831543 0.473096 0.143164 0.190723
5 0.116064 0.646484 0.177246 0.133203
5 0.332861 0.682178 0.328418 0.238379
5 0.390674 0.176465 0.24834 0.0900391
5 0.35835 0.405811 0.636621 0.478223
5 0.302051 0.218359 0.0400391 0.0101563
5 0.160889 0.260303 0.258301 0.182324
5 0.332324 0.381836 0.566797 0.385156
0 0.198584 0.572314 0.315137 0.144629
0 0.0476563 0.394189 0.0648438 0.0538086
5 0.109473 0.46748 0.218945 0.114062
5 0.133105 0.416846 0.202734 0.118848
5 0.285938 0.333447 0.269531 0.221973
