1 0.812012 0.229834 0.25 0.275098
1 0.809326 0.285107 0.203418 0.062207
1 0.843018 0.226074 0.269824 0.0863281
1 0.656445 0.325781 0.200195 0.282422
7 0.472705 0.330713 0.21084 0.29502
7 0.132568 0.313623 0.23291 0.277441
7 0.162207 0.432568 0.324414 0.437793
7 0.366699 0.555908 0.247266 0.341309
1 0.0575195 0.791309 0.115039 0.393555
0 0.0388184 0.880469 0.0776367 0.0902344
1 0.0308594 0.548291 0.0617188 0.120996
6 0.210547 0.796191 0.355664 0.310547
7 0.0307617 0.698535 0.0615234 0.192773
7 0.574756 0.558496 0.196191 0.382227
1 0.821143 0.184082 0.263379 0.0896484
0 0.207715 0.846436 0.350977 0.162402
7 0.25415 0.28916 0.046582 0.106836
