7 0.83916 0.819092 0.321094 0.255176
1 0.119385 0.814014 0.23877 0.266895
1 0.103027 0.778174 0.206055 0.187207
1 0.0843262 0.600342 0.168652 0.317676
6 0.065625 0.514551 0.13125 0.144141
6 0.336963 0.765479 0.249316 0.0850586
6 0.31582 0.555322 0.631641 0.313965
1 0.400781 0.641602 0.452344 0.313477
1 0.375 0.490479 0.338672 0.196191
1 0.441797 0.412695 0.148828 0.15332
1 0.3229 0.384082 0.205371 0.120313
1 0.389941 0.552588 0.318164 0.146777
1 0.540674 0.577051 0.096582 0.200195
7 0.0550781 0.499805 0.110156 0.141406
1 0.198437 0.902783 0.162695 0.109082
6 0.892383 0.623682 0.214648 0.221973
0 0.626758 0.669531 0.0611328 0.137109
0 0.586523 0.453906 0.0433594 0.0634766
