2 0.795654 0.759863 0.0631836 0.0933594
1 0.399951 0.365332 0.102246 0.0167969
0 0.25957 0.496631 0.413477 0.262598
1 0.449805 0.970459 0.096875 0.0584961
5 0.729053 0.738232 0.069043 0.040332
0 0.280518 0.542188 0.356543 0.406641
1 0.47334 0.714941 0.455469 0.492578
7 0.350146 0.674902 0.155762 0.221875
5 0.549658 0.751465 0.134668 0.0933594
5 0.464893 0.726709 0.266504 0.125293
7 0.838623 0.43042 0.322168 0.382715
1 0.650781 0.527002 0.421289 0.458301
7 0.922754 0.69458 0.154102 0.37373
7 0.884668 0.85791 0.165234 0.283594
5 0.773926 0.89585 0.218945 0.207715
5 0.515771 0.629883 0.122559 0.15957
4 0.418896 0.790039 0.0780273 0.0484375
5 0.465234 0.538428 0.0230469 0.165332
1 0.45376 0.705078 0.0920898 0.19707
1 0.936816 0.920557 0.125977 0.158301
