1 0.238086 0.172949 0.0972656 0.121289
7 0.378662 0.289453 0.279785 0.256445
7 0.424951 0.503857 0.130957 0.212012
1 0.176025 0.564453 0.162988 0.0541016
1 0.195605 0.648828 0.18418 0.121484
1 0.0598145 0.107666 0.119043 0.015918
1 0.110254 0.176758 0.213281 0.13418
7 0.215918 0.399072 0.388867 0.396777
1 0.201416 0.344336 0.324707 0.206055
1 0.225488 0.49292 0.299609 0.15498
0 0.195996 0.328271 0.264258 0.189746
0 0.168359 0.603662 0.0443359 0.111621
0 0.269971 0.148926 0.111426 0.0681641
6 0.556738 0.399463 0.175586 0.153027
0 0.534521 0.375928 0.0360352 0.0530273
0 0.693555 0.618652 0.602148 0.57168
5 0.804541 0.37749 0.0913086 0.0500977
5 0.68125 0.375342 0.0496094 0.0508789
5 0.887549 0.379346 0.0985352 0.0374023
