7 0.469922 0.372363 0.301367 0.327344
1 0.54585 0.943652 0.188965 0.112109
5 0.677246 0.577393 0.301367 0.13291
1 0.404443 0.647119 0.22002 0.197754
6 0.412695 0.726172 0.131445 0.159375
5 0.563721 0.755615 0.28916 0.287012
1 0.136475 0.50708 0.0977539 0.12998
6 0.10459 0.595752 0.0826172 0.154395
1 0.219385 0.366943 0.0776367 0.12666
5 0.468652 0.396777 0.247266 0.138867
5 0.461768 0.292822 0.245996 0.116699
6 0.289893 0.0932617 0.0813477 0.186523
0 0.296143 0.23584 0.0620117 0.0767578
1 0.362061 0.211865 0.120996 0.0750977
7 0.445068 0.100195 0.271582 0.200391
6 0.433008 0.509912 0.161719 0.160059
5 0.302393 0.626318 0.261621 0.199707
7 0.211914 0.476807 0.0707031 0.107129
5 0.295117 0.373145 0.103711 0.307227
1 0.207275 0.606201 0.227637 0.228223
1 0.862744 0.0162109 0.158496 0.0324219
1 0.754736 0.931543 0.015918 0.0390625
