1 0.788867 0.803271 0.0535156 0.047168
1 0.883447 0.363672 0.23252 0.162109
7 0.620068 0.186084 0.0549805 0.101465
5 0.632031 0.268506 0.0847656 0.149512
6 0.0317383 0.256104 0.0634766 0.0581055
6 0.0431152 0.28501 0.0862305 0.037793
6 0.0575195 0.302344 0.115039 0.0478516
6 0.0589844 0.343701 0.0986328 0.0620117
7 0.133008 0.299268 0.116797 0.0836914
5 0.362549 0.56333 0.0500977 0.0426758
6 0.256494 0.296826 0.172949 0.087207
6 0.399756 0.268506 0.150684 0.124316
6 0.486572 0.330762 0.0893555 0.201563
6 0.450684 0.323682 0.0666016 0.0911133
0 0.275439 0.385986 0.213184 0.406348
6 0.38916 0.396582 0.187305 0.252539
4 0.647461 0.361133 0.0445313 0.0335937
7 0.664746 0.517871 0.188477 0.327148
5 0.674463 0.382275 0.0416992 0.0436523
7 0.457324 0.480176 0.150195 0.148242
