5 0.15376 0.154248 0.170605 0.0913086
5 0.598047 0.330322 0.280078 0.167676
5 0.550732 0.313086 0.243066 0.0330078
5 0.277051 0.479688 0.19043 0.199414
5 0.154639 0.395752 0.112793 0.0776367
5 0.173291 0.369092 0.0813477 0.0233398
5 0.387207 0.29917 0.114453 0.136621
5 0.278418 0.266992 0.281055 0.158008
5 0.0816895 0.243066 0.163379 0.21875
5 0.338818 0.309277 0.0499023 0.0625
5 0.302295 0.254834 0.0555664 0.0875977
5 0.159717 0.331055 0.0913086 0.0708984
5 0.167822 0.277686 0.0327148 0.0463867
5 0.161719 0.524756 0.034375 0.0436523
5 0.18584 0.444824 0.144141 0.132227
5 0.272803 0.353223 0.154785 0.242578
5 0.236426 0.477979 0.131641 0.16123
5 0.2646 0.489648 0.0793945 0.0617188
5 0.247998 0.284326 0.175879 0.223926
5 0.295996 0.570508 0.176563 0.0974609
5 0.659082 0.566943 0.0892578 0.0491211
5 0.556348 0.490088 0.125977 0.166699
5 0.43335 0.492188 0.138574 0.230859
2 0.528955 0.561279 0.0750977 0.0217773
5 0.566162 0.607471 0.275098 0.072168
5 0.666455 0.466699 0.137207 0.169922
5 0.724902 0.468213 0.143555 0.140332
5 0.536475 0.675879 0.19209 0.0660156
