1 0.125684 0.75498 0.0773438 0.119727
1 0.397949 0.727295 0.0542969 0.0670898
1 0.449658 0.553369 0.0297852 0.0446289
1 0.494775 0.543945 0.0713867 0.173242
1 0.278418 0.566162 0.346484 0.320801
6 0.286572 0.459863 0.25127 0.276172
6 0.569287 0.695264 0.172363 0.24502
7 0.638867 0.374463 0.101172 0.0790039
5 0.658789 0.485596 0.154297 0.229785
2 0.886035 0.304248 0.0726563 0.0661133
7 0.904297 0.286719 0.0421875 0.0568359
7 0.565869 0.56582 0.0999023 0.185156
7 0.846289 0.519189 0.224414 0.38623
7 0.733008 0.707959 0.169922 0.441113
1 0.694775 0.489746 0.0538086 0.0654297
0 0.265088 0.860986 0.137402 0.277441
6 0.505811 0.740869 0.11084 0.0737305
