1 0.474854 0.611963 0.724902 0.618848
1 0.753613 0.351904 0.280469 0.373535
1 0.641504 0.301123 0.394141 0.423145
1 0.202588 0.38501 0.0956055 0.111816
1 0.518701 0.603467 0.518848 0.354199
1 0.575732 0.587695 0.408691 0.295898
1 0.556738 0.508447 0.122656 0.0803711
1 0.542627 0.525684 0.11377 0.0642578
1 0.476709 0.540283 0.0803711 0.0766602
1 0.633936 0.477002 0.353223 0.255176
1 0.581885 0.577002 0.231152 0.154004
1 0.5271 0.720264 0.084668 0.110645
2 0.593359 0.624072 0.194727 0.147363
7 0.689258 0.587061 0.206641 0.124512
1 0.506494 0.595117 0.0870117 0.132227
1 0.490771 0.589648 0.103223 0.136133
1 0.505811 0.625098 0.0379883 0.0414062
1 0.433984 0.601514 0.215234 0.197168
1 0.433203 0.664697 0.202344 0.153809
1 0.31665 0.444434 0.297949 0.202344
1 0.427441 0.412207 0.0386719 0.116602
2 0.327051 0.421777 0.218945 0.0865234
1 0.316504 0.474854 0.0720703 0.062793
1 0.268701 0.491064 0.0618164 0.0530273
1 0.275928 0.493164 0.056543 0.046875
1 0.411426 0.457422 0.0496094 0.0552734
1 0.400342 0.458887 0.0426758 0.0476562
1 0.374365 0.468408 0.0727539 0.062793
