6 0.365723 0.318945 0.0806641 0.0837891
6 0.381006 0.225488 0.29502 0.417187
6 0.598975 0.321436 0.125293 0.172168
5 0.475732 0.338477 0.352832 0.182812
5 0.042627 0.0537109 0.0456055 0.0771484
1 0.360938 0.961963 0.182227 0.0756836
1 0.571631 0.511377 0.138574 0.0803711
0 0.569629 0.586084 0.194727 0.147363
1 0.680029 0.363574 0.140527 0.110156
6 0.853369 0.933154 0.0770508 0.0657227
6 0.579736 0.76958 0.0588867 0.0610352
6 0.512207 0.448145 0.0443359 0.0332031
6 0.991602 0.46333 0.0162109 0.0987305
6 0.933984 0.448047 0.13125 0.13418
6 0.989209 0.583203 0.0208008 0.0488281
6 0.976562 0.573535 0.0390625 0.0503906
6 0.880811 0.536426 0.237793 0.15625
6 0.74126 0.47002 0.0512695 0.0892578
6 0.777979 0.317822 0.147168 0.0950195
6 0.739844 0.400342 0.0902344 0.136426
6 0.373389 0.120557 0.11377 0.105176
6 0.236084 0.135059 0.11377 0.0671875
6 0.348047 0.270313 0.0929688 0.0625
6 0.57207 0.599658 0.107813 0.100684
6 0.0163574 0.188623 0.0327148 0.0483398
6 0.0640137 0.262207 0.0790039 0.0476562
6 0.623828 0.476514 0.216602 0.159473
1 0.630078 0.0738281 0.192773 0.0945312
