1 0.116895 0.556787 0.233789 0.268848
1 0.823535 0.359619 0.223828 0.105176
1 0.945068 0.383301 0.109082 0.105859
1 0.952734 0.455713 0.0939453 0.156543
1 0.96875 0.401953 0.0228516 0.0439453
1 0.974658 0.545117 0.0499023 0.0257812
1 0.97002 0.58877 0.0505859 0.0634766
1 0.920117 0.64458 0.0929688 0.122559
1 0.901465 0.634082 0.111133 0.046875
1 0.899609 0.59624 0.143164 0.068457
1 0.843457 0.545703 0.219922 0.0908203
1 0.880322 0.628857 0.0952148 0.0206055
1 0.831641 0.49834 0.200391 0.0791016
1 0.80918 0.444922 0.202344 0.0708984
1 0.835645 0.472314 0.160742 0.0180664
1 0.719287 0.497314 0.0641602 0.137402
1 0.818311 0.377832 0.212598 0.129688
1 0.81709 0.593359 0.104492 0.0681641
1 0.549219 0.683643 0.426563 0.31123
1 0.660742 0.784717 0.56875 0.396777
1 0.970752 0.695166 0.0579102 0.252441
1 0.987061 0.69541 0.0250977 0.0376953
0 0.944629 0.414355 0.0677734 0.0751953
1 0.830322 0.476855 0.13623 0.00917969
