1 0.507959 0.0980469 0.0610352 0.0472656
1 0.821094 0.0575684 0.0726563 0.0813477
1 0.7979 0.295898 0.135449 0.181836
1 0.758643 0.212695 0.133887 0.201758
5 0.43916 0.354687 0.234375 0.233789
1 0.580176 0.240576 0.266406 0.12334
6 0.289844 0.489746 0.358398 0.44375
6 0.671191 0.502295 0.441992 0.546973
1 0.598926 0.147314 0.431055 0.294629
0 0.389014 0.318457 0.0557617 0.0324219
1 0.611475 0.107324 0.159473 0.180859
1 0.571045 0.196729 0.0666992 0.107129
0 0.289648 0.537305 0.349219 0.231445
0 0.300195 0.458154 0.244336 0.275488
