7 0.682666 0.222363 0.349902 0.444727
1 0.671289 0.436816 0.159961 0.31875
1 0.302197 0.65542 0.283496 0.360449
1 0.327441 0.647852 0.103711 0.12832
1 0.681348 0.914307 0.0476562 0.0198242
7 0.216162 0.56001 0.141113 0.234473
1 0.313916 0.50415 0.182324 0.203418
1 0.6479 0.847705 0.202637 0.138574
1 0.639063 0.691992 0.16543 0.192773
1 0.903467 0.846094 0.0897461 0.196094
1 0.795654 0.718115 0.183496 0.443457
1 0.791211 0.535205 0.212305 0.24834
5 0.657861 0.325732 0.0463867 0.0522461
5 0.705469 0.333984 0.0359375 0.0390625
0 0.658105 0.28418 0.0488281 0.0763672
0 0.761572 0.304688 0.0463867 0.0763672
7 0.49707 0.201416 0.18457 0.245996
1 0.378467 0.285352 0.285254 0.382227
7 0.571094 0.28833 0.0716797 0.0383789
7 0.47124 0.662842 0.144824 0.239746
7 0.548828 0.458447 0.149805 0.308496
7 0.472656 0.483984 0.0568359 0.11875
