7 0.593115 0.247949 0.0290039 0.0482422
1 0.491211 0.893457 0.183789 0.144141
7 0.333594 0.492188 0.129492 0.239063
7 0.375098 0.590137 0.121289 0.233789
1 0.365234 0.387891 0.0394531 0.0496094
5 0.0351074 0.453027 0.0702148 0.12168
7 0.869629 0.472559 0.260156 0.337305
7 0.75293 0.619238 0.189453 0.288672
1 0.666162 0.497705 0.0600586 0.11377
7 0.403271 0.219092 0.134473 0.178223
1 0.540332 0.211768 0.0880859 0.113379
1 0.512109 0.208447 0.0828125 0.108105
1 0.508398 0.294482 0.155273 0.131934
0 0.519775 0.315332 0.100488 0.0896484
1 0.5396 0.338184 0.0885742 0.0572266
7 0.598291 0.3375 0.0557617 0.0486328
1 0.372754 0.376514 0.0441406 0.022168
1 0.39624 0.363965 0.0915039 0.028125
1 0.395703 0.360156 0.0919922 0.0324219
1 0.394824 0.357764 0.0908203 0.0317383
1 0.393994 0.35498 0.0915039 0.0300781
1 0.393506 0.348389 0.0915039 0.0274414
1 0.392529 0.340625 0.0905273 0.0277344
1 0.391553 0.33667 0.0897461 0.0231445
1 0.390625 0.327393 0.0892578 0.0198242
1 0.389746 0.324854 0.0890625 0.0188477
1 0.388867 0.322363 0.0892578 0.0191406
1 0.388379 0.319775 0.0892578 0.0198242
1 0.387744 0.313623 0.0895508 0.0254883
1 0.386182 0.310645 0.0887695 0.0214844
1 0.387451 0.306104 0.0913086 0.0254883
1 0.386816 0.301611 0.0919922 0.0264648
1 0.385937 0.298584 0.0917969 0.0250977
1 0.3854 0.295166 0.0932617 0.0254883
1 0.38457 0.291016 0.0919922 0.0238281
1 0.384717 0.28623 0.0932617 0.0248047
1 0.383301 0.281055 0.0919922 0.0257812
1 0.383203 0.264893 0.0917969 0.040332
1 0.383252 0.274805 0.0924805 0.0324219
1 0.391016 0.331982 0.0900391 0.0217773
7 0.666016 0.24209 0.123242 0.202344
7 0.660693 0.411914 0.116113 0.213281
1 0.598242 0.363086 0.0386719 0.0191406
1 0.516992 0.415137 0.247266 0.120703
1 0.657031 0.437158 0.0386719 0.0799805
1 0.521973 0.271973 0.0423828 0.0314453
1 0.542578 0.666699 0.314258 0.296289
1 0.621924 0.533936 0.0805664 0.172949
5 0.021582 0.356006 0.0431641 0.128613
7 0.0220703 0.556543 0.0441406 0.118359
5 0.505371 0.771973 0.122266 0.188867
1 0.486719 0.485059 0.217969 0.219531
