2 0.761865 0.465723 0.065332 0.0716797
1 0.577637 0.518848 0.419922 0.217188
1 0.546533 0.492334 0.243457 0.0772461
1 0.626025 0.533887 0.260254 0.108789
1 0.704248 0.49585 0.0743164 0.0499023
1 0.618604 0.489111 0.145801 0.0885742
1 0.640332 0.465967 0.0396484 0.0116211
7 0.643604 0.459912 0.261816 0.100488
7 0.502002 0.569238 0.574316 0.166016
5 0.170752 0.620068 0.110254 0.221777
7 0.142578 0.612158 0.0277344 0.0508789
7 0.854834 0.548877 0.162207 0.14248
0 0.654639 0.388965 0.117285 0.0382813
1 0.479346 0.389844 0.0428711 0.0236328
1 0.797412 0.415381 0.0833008 0.0208008
