6 0.329492 0.641309 0.185742 0.148438
1 0.681592 0.612256 0.0426758 0.133887
1 0.50957 0.699561 0.188281 0.19209
7 0.54126 0.477393 0.214551 0.292676
1 0.631885 0.653955 0.0961914 0.188184
7 0.172754 0.70376 0.137109 0.262598
7 0.084082 0.793311 0.0570312 0.0866211
7 0.0835937 0.912891 0.167187 0.173633
6 0.316504 0.623828 0.136914 0.0896484
7 0.335596 0.434521 0.229199 0.305566
7 0.190576 0.377295 0.202637 0.370996
7 0.287061 0.76582 0.223926 0.260547
7 0.0814941 0.403418 0.162988 0.189844
7 0.110742 0.677588 0.221484 0.44248
6 0.615088 0.568604 0.139355 0.210645
1 0.862891 0.579395 0.273828 0.355859
1 0.873096 0.487109 0.253223 0.114453
1 0.829053 0.500977 0.13916 0.0681641
4 0.26582 0.745264 0.0505859 0.0407227
4 0.287842 0.807568 0.0647461 0.146191
1 0.502246 0.646533 0.102148 0.096582
5 0.496289 0.684082 0.0248047 0.0433594
2 0.517822 0.694629 0.0555664 0.0572266
