1 0.230469 0.912305 0.125 0.174805
1 0.226221 0.90835 0.0661133 0.0557617
1 0.205518 0.866992 0.0842773 0.0642578
1 0.81543 0.986572 0.109766 0.0262695
1 0.729834 0.993018 0.109082 0.0133789
1 0.937207 0.837061 0.125 0.134473
1 0.934863 0.824023 0.113086 0.0816406
1 0.939941 0.870801 0.119336 0.0660156
1 0.975391 0.876807 0.0486328 0.0418945
1 0.536572 0.773145 0.696777 0.453125
1 0.255664 0.656494 0.0839844 0.140332
1 0.345361 0.501074 0.399121 0.354883
1 0.534912 0.586865 0.527441 0.241113
1 0.92876 0.941797 0.141895 0.10293
0 0.333154 0.770117 0.24834 0.0753906
0 0.773145 0.733984 0.189844 0.0826172
