1 0.170264 0.127295 0.340527 0.25459
1 0.047998 0.226367 0.0959961 0.177539
1 0.758545 0.804395 0.0444336 0.0724609
0 0.714648 0.831738 0.0865234 0.172656
1 0.355664 0.0264648 0.0744141 0.0529297
1 0.879248 0.588086 0.140918 0.112109
1 0.860498 0.542627 0.161426 0.162012
1 0.857617 0.437354 0.0515625 0.0618164
1 0.821387 0.488574 0.0451172 0.0605469
1 0.784424 0.574268 0.0758789 0.114746
1 0.0347168 0.810889 0.0694336 0.377637
1 0.355518 0.83667 0.711035 0.326074
1 0.488721 0.499854 0.977441 0.999707
1 0.0546875 0.393213 0.109375 0.271191
0 0.25249 0.49707 0.12998 0.166016
0 0.413184 0.40127 0.793164 0.802539
