1 0.380859 0.270508 0.250781 0.405469
1 0.307275 0.216553 0.0481445 0.0608398
1 0.28999 0.237305 0.192676 0.221875
1 0.261279 0.295947 0.307324 0.320801
7 0.183594 0.500488 0.348242 0.427539
7 0.599707 0.333057 0.0257812 0.103223
7 0.556104 0.296631 0.129004 0.206348
7 0.869336 0.433887 0.260937 0.493359
1 0.681299 0.53418 0.203418 0.459961
1 0.694189 0.407129 0.140918 0.119727
7 0.59126 0.422754 0.187988 0.114062
5 0.550342 0.421582 0.0987305 0.0634766
5 0.65415 0.494385 0.14209 0.122363
1 0.476465 0.979785 0.0396484 0.0396484
0 0.402148 0.977051 0.0414062 0.0453125
0 0.151904 0.961768 0.140137 0.0756836
0 0.0789062 0.97168 0.0595703 0.0558594
1 0.489551 0.675293 0.355664 0.541016
5 0.51709 0.758789 0.0248047 0.0863281
1 0.467871 0.643896 0.157031 0.151465
5 0.536279 0.625195 0.0741211 0.110156
4 0.575977 0.663525 0.0671875 0.0803711
5 0.458936 0.547266 0.0950195 0.126367
7 0.449609 0.561523 0.0376953 0.034375
