1 0.218799 0.587988 0.341309 0.340625
1 0.349072 0.508594 0.0290039 0.0945312
1 0.0169922 0.301855 0.0339844 0.231445
1 0.232617 0.428076 0.230664 0.287402
0 0.0776367 0.683643 0.155273 0.399121
1 0.163818 0.43208 0.238379 0.280762
1 0.179785 0.506885 0.237109 0.13291
7 0.766504 0.66748 0.282031 0.356836
7 0.494971 0.668848 0.265332 0.276758
0 0.459229 0.578027 0.0454102 0.034375
7 0.47124 0.481445 0.197949 0.162695
7 0.402881 0.542822 0.0547852 0.068457
5 0.539697 0.578809 0.0610352 0.0525391
5 0.498877 0.569629 0.0344727 0.0539063
7 0.660547 0.394385 0.336523 0.411035
