1 0.593994 0.360254 0.0446289 0.0605469
1 0.615918 0.206543 0.0632812 0.0830078
0 0.629199 0.247217 0.0347656 0.0407227
7 0.614941 0.295166 0.0349609 0.0651367
3 0.594873 0.358643 0.0354492 0.046582
5 0.593164 0.311328 0.0503906 0.151172
1 0.578662 0.264551 0.0913086 0.183203
6 0.448828 0.261035 0.215039 0.155078
7 0.25083 0.236914 0.245801 0.473828
6 0.428125 0.233447 0.0669922 0.0456055
7 0.479541 0.118408 0.332129 0.236816
6 0.304932 0.41875 0.199121 0.282031
6 0.457861 0.458691 0.234082 0.320117
4 0.54541 0.277051 0.123047 0.123633
0 0.637012 0.341211 0.0265625 0.0601563
7 0.666846 0.530078 0.256738 0.345898
7 0.708496 0.781104 0.284961 0.437207
7 0.912744 0.749512 0.174121 0.362109
0 0.635059 0.281445 0.0265625 0.0667969
