0 0.0166016 0.243701 0.0332031 0.156738
7 0.110449 0.301074 0.186719 0.249023
6 0.633252 0.526563 0.0180664 0.0558594
6 0.731445 0.560986 0.0660156 0.0770508
7 0.436963 0.525098 0.376465 0.0820312
6 0.33667 0.392188 0.270605 0.207031
0 0.266992 0.361914 0.124219 0.0744141
7 0.196094 0.51626 0.0726563 0.0331055
6 0.221387 0.564014 0.159961 0.100879
1 0.348193 0.769531 0.428027 0.373047
1 0.348047 0.710693 0.36582 0.171973
7 0.54541 0.919678 0.0267578 0.0661133
1 0.696094 0.866699 0.0568359 0.0396484
1 0.693213 0.656787 0.180566 0.228223
5 0.539697 0.606787 0.238574 0.130957
1 0.0942871 0.753467 0.172168 0.286035
6 0.0742676 0.614258 0.148535 0.144531
7 0.0438477 0.632568 0.0654297 0.0661133
5 0.6875 0.252295 0.401758 0.331348
5 0.586035 0.535498 0.0164063 0.0942383
