0 0.509082 0.0333984 0.158398 0.0632812
7 0.499854 0.539062 0.999707 0.911914
2 0.312646 0.642969 0.266895 0.164453
2 0.744043 0.744434 0.0363281 0.0498047
2 0.685889 0.695703 0.0985352 0.0763672
2 0.71001 0.651855 0.166699 0.137109
2 0.79751 0.610254 0.133301 0.215039
2 0.768555 0.511426 0.0681641 0.0441406
2 0.718555 0.578906 0.113086 0.118555
2 0.611279 0.66582 0.113379 0.0910156
2 0.61377 0.749512 0.277734 0.104688
2 0.596875 0.501514 0.107813 0.0858398
2 0.703418 0.422461 0.05625 0.0294922
2 0.630566 0.560205 0.243359 0.275098
2 0.452393 0.649316 0.13623 0.117578
2 0.660205 0.532129 0.391895 0.204102
2 0.610791 0.286963 0.0536133 0.0288086
2 0.666992 0.358887 0.323437 0.154297
2 0.201123 0.358984 0.254004 0.14707
2 0.1 0.345752 0.198047 0.160254
2 0.250146 0.337793 0.184863 0.143359
2 0.107959 0.612744 0.124707 0.0875977
2 0.0791504 0.493457 0.0856445 0.0707031
2 0.0905762 0.551807 0.13291 0.146777
2 0.177783 0.491748 0.116113 0.152051
2 0.323926 0.278418 0.0333984 0.0414062
2 0.383643 0.396631 0.0879883 0.0491211
2 0.427441 0.298584 0.175586 0.0749023
2 0.272656 0.455176 0.177539 0.103711
2 0.436523 0.482422 0.494727 0.354687
2 0.442627 0.455322 0.12334 0.0842773
2 0.37832 0.506689 0.161328 0.113574
0 0.331494 0.367578 0.0922852 0.0873047
2 0.388867 0.326416 0.106445 0.118066
0 0.385547 0.32251 0.0429688 0.021582
0 0.182471 0.276318 0.0422852 0.025293
0 0.154443 0.569824 0.062793 0.0320312
5 0.263916 0.324609 0.0760742 0.102148
