1 0.587646 0.271875 0.125684 0.134961
7 0.493896 0.213818 0.0956055 0.251465
0 0.534131 0.342187 0.0741211 0.0761719
1 0.373389 0.192969 0.341309 0.259961
0 0.367578 0.461328 0.231836 0.0724609
2 0.483301 0.402148 0.0248047 0.0498047
7 0.309521 0.412549 0.353223 0.103418
1 0.309814 0.323437 0.333301 0.25
1 0.285693 0.342676 0.156738 0.0835937
3 0.239453 0.506396 0.0667969 0.118848
1 0.239404 0.68208 0.36709 0.297168
0 0.642529 0.737207 0.0416992 0.0275391
2 0.633643 0.806055 0.151465 0.125
1 0.844238 0.0865723 0.0410156 0.0133789
