6 0.190771 0.0537598 0.105176 0.10752
7 0.483154 0.0187012 0.0456055 0.0374023
7 0.260596 0.0502441 0.163965 0.100488
7 0.402832 0.0362305 0.128516 0.0724609
7 0.343408 0.133105 0.147559 0.239063
6 0.164941 0.330371 0.255469 0.325391
7 0.422314 0.259717 0.263184 0.37002
7 0.538721 0.111279 0.144824 0.222559
1 0.460791 0.0746094 0.118066 0.0929688
1 0.367334 0.101367 0.0555664 0.0552734
7 0.13335 0.558203 0.214551 0.383594
0 0.252979 0.818311 0.173145 0.362793
7 0.790283 0.0264648 0.106934 0.0529297
7 0.634131 0.0963867 0.234082 0.192773
7 0.768604 0.126514 0.177051 0.191504
1 0.6396 0.812598 0.211816 0.215234
1 0.652393 0.737402 0.240332 0.251953
7 0.836914 0.37998 0.30332 0.491406
7 0.61709 0.415332 0.326367 0.501367
3 0.158838 0.104297 0.094043 0.135937
0 0.494678 0.574414 0.125293 0.251953
1 0.386816 0.59585 0.192188 0.336621
1 0.330078 0.564697 0.0248047 0.034082
1 0.344141 0.613379 0.0166016 0.0582031
1 0.372656 0.565039 0.0597656 0.144531
1 0.347266 0.552295 0.0173828 0.0588867
1 0.307568 0.380957 0.268848 0.356445
1 0.42417 0.54668 0.0612305 0.143555
