0 0.408936 0.718799 0.0243164 0.0393555
3 0.215381 0.369678 0.11084 0.163379
3 0.368066 0.400293 0.0753906 0.0539063
7 0.34126 0.416309 0.111621 0.0482422
5 0.685498 0.48335 0.187988 0.191504
5 0.255225 0.596387 0.306543 0.356836
5 0.590967 0.700537 0.412988 0.386621
1 0.590918 0.285254 0.207617 0.182227
1 0.170117 0.514502 0.124023 0.150098
1 0.301807 0.502783 0.0243164 0.0360352
1 0.258301 0.485107 0.078125 0.0641602
1 0.335791 0.523096 0.0674805 0.0217773
1 0.335791 0.504297 0.0327148 0.0410156
7 0.197461 0.565479 0.0605469 0.0713867
7 0.280176 0.565918 0.177344 0.0816406
1 0.269971 0.517822 0.127246 0.0575195
7 0.725098 0.463623 0.0568359 0.0760742
7 0.607666 0.488135 0.0416992 0.0198242
1 0.699072 0.476367 0.0225586 0.0519531
1 0.692725 0.439453 0.0500977 0.0701172
0 0.610303 0.429297 0.169434 0.143555
7 0.674463 0.630615 0.162988 0.25459
1 0.616064 0.681445 0.10166 0.151172
7 0.493506 0.468359 0.219238 0.273438
7 0.494434 0.642627 0.200195 0.183496
7 0.431104 0.66416 0.078418 0.0730469
0 0.65415 0.467773 0.0786133 0.117383
