5 0.451514 0.559814 0.375293 0.299121
4 0.283398 0.750342 0.0376953 0.0786133
5 0.52627 0.409375 0.356836 0.0964844
5 0.53418 0.731641 0.172266 0.0625
7 0.33584 0.713379 0.0935547 0.0974609
5 0.333984 0.385303 0.115039 0.113379
7 0.450635 0.702734 0.165723 0.0984375
7 0.416699 0.423242 0.0886719 0.0587891
5 0.576514 0.276758 0.277441 0.180078
5 0.482178 0.304834 0.13623 0.116113
5 0.552295 0.312158 0.302246 0.211035
7 0.483643 0.626123 0.203418 0.101465
5 0.597754 0.425732 0.180273 0.191699
0 0.323047 0.641748 0.118359 0.0161133
6 0.502979 0.538721 0.266504 0.145801
5 0.341211 0.306543 0.0859375 0.112109
5 0.659375 0.680273 0.0886719 0.125
5 0.451758 0.383789 0.261914 0.265625
