5 0.0365234 0.575146 0.0505859 0.0416992
1 0.0122559 0.58125 0.0245117 0.0414062
0 0.096582 0.575732 0.0363281 0.0116211
0 0.0463379 0.606641 0.0708008 0.0302734
4 0.0917969 0.597412 0.0710937 0.0272461
2 0.108936 0.626318 0.0717773 0.0547852
7 0.145801 0.679932 0.034375 0.0374023
1 0.814941 0.535693 0.206641 0.077832
0 0.154932 0.826758 0.078418 0.0433594
0 0.27168 0.880859 0.137891 0.180273
1 0.896289 0.64458 0.206641 0.125488
0 0.860303 0.675342 0.046582 0.0352539
0 0.894189 0.648828 0.0422852 0.0193359
0 0.907617 0.697412 0.0552734 0.0233398
0 0.717383 0.949072 0.0591797 0.101465
0 0.87793 0.754443 0.0548828 0.0491211
0 0.831787 0.616357 0.0379883 0.0178711
4 0.347363 0.775781 0.0710937 0.0441406
0 0.832812 0.711279 0.0505859 0.0243164
0 0.800244 0.695068 0.0536133 0.0354492
0 0.787891 0.715039 0.0539063 0.0292969
5 0.795508 0.642383 0.0386719 0.0277344
7 0.782959 0.583154 0.124707 0.105371
0 0.795605 0.701025 0.0734375 0.0731445
5 0.751514 0.58584 0.0665039 0.0412109
7 0.770508 0.748975 0.06875 0.056543
4 0.739209 0.724512 0.056543 0.0228516
1 0.725342 0.771436 0.046582 0.0573242
2 0.517969 0.807764 0.0591797 0.046582
0 0.741406 0.6771 0.05625 0.0243164
0 0.612256 0.737988 0.124707 0.0449219
1 0.608301 0.771582 0.0505859 0.0332031
2 0.517236 0.714307 0.040332 0.0416992
5 0.572217 0.708057 0.106152 0.0674805
5 0.672949 0.757764 0.0892578 0.0493164
5 0.504492 0.768799 0.166992 0.046582
0 0.621973 0.785742 0.755273 0.144336
0 0.475195 0.733936 0.0701172 0.0352539
1 0.661328 0.694775 0.0462891 0.0290039
1 0.460107 0.711084 0.258887 0.0987305
0 0.43042 0.726074 0.0651367 0.0458984
0 0.401416 0.739209 0.0985352 0.0444336
0 0.655225 0.674951 0.0670898 0.0334961
1 0.720605 0.694336 0.0820312 0.0552734
0 0.391504 0.777881 0.0429688 0.0364258
2 0.541162 0.650439 0.068457 0.0389648
7 0.491846 0.631152 0.0737305 0.0589844
9 0.617871 0.678174 0.204687 0.136621
7 0.676123 0.593115 0.225879 0.151074
4 0.597266 0.566846 0.0324219 0.0686523
5 0.544482 0.597607 0.0922852 0.0428711
2 0.47085 0.591797 0.0575195 0.0515625
7 0.574951 0.534717 0.292676 0.102637
7 0.651123 0.538086 0.105176 0.0751953
1 0.52583 0.585596 0.0932617 0.037207
0 0.502637 0.548828 0.0615234 0.0773438
5 0.458789 0.5646 0.0539063 0.0235352
5 0.463623 0.539404 0.0575195 0.0584961
5 0.482324 0.502637 0.0353516 0.015625
5 0.435156 0.507861 0.06875 0.052832
0 0.289014 0.596387 0.391504 0.400586
7 0.206787 0.381836 0.0499023 0.0294922
4 0.376172 0.409082 0.0710937 0.0230469
2 0.2354 0.393896 0.0522461 0.0307617
2 0.274756 0.390039 0.0422852 0.0503906
7 0.322705 0.399902 0.0952148 0.0359375
0 0.242773 0.379346 0.0390625 0.0399414
0 0.300928 0.369385 0.171973 0.0612305
0 0.379932 0.385693 0.0469727 0.015918
5 0.327881 0.367871 0.0545898 0.0347656
0 0.296436 0.372656 0.0374023 0.0175781
