6 0.499854 0.47334 0.999707 0.94668
4 0.355957 0.886133 0.249023 0.227148
4 0.50874 0.251416 0.12334 0.119824
4 0.533545 0.208887 0.149121 0.198437
4 0.374512 0.324658 0.0552734 0.0555664
4 0.740088 0.366455 0.0555664 0.0325195
4 0.245752 0.390527 0.146191 0.128711
4 0.40957 0.28457 0.282031 0.126758
4 0.684814 0.275977 0.377637 0.264844
4 0.619385 0.455225 0.446387 0.178809
4 0.310156 0.365479 0.173242 0.166895
4 0.475732 0.367139 0.484473 0.147559
4 0.149268 0.493213 0.183496 0.209082
4 0.514062 0.714893 0.423633 0.169434
4 0.262842 0.478662 0.312793 0.204395
1 0.852881 0.515967 0.293652 0.355371
4 0.555029 0.537793 0.363379 0.0826172
4 0.600342 0.688379 0.395215 0.114844
4 0.140332 0.605029 0.271484 0.359863
4 0.37915 0.795313 0.424902 0.269141
4 0.503125 0.61665 0.526172 0.127246
4 0.417187 0.461621 0.49707 0.129688
4 0.399756 0.741357 0.482129 0.294629
3 0.897998 0.509033 0.203418 0.124707
0 0.903125 0.231641 0.193164 0.183008
6 0.181396 0.747119 0.362793 0.505176
