7 0.337207 0.270068 0.366602 0.28623
0 0.499854 0.499902 0.999707 0.999805
1 0.42915 0.332617 0.0885742 0.189453
1 0.70625 0.186279 0.0902344 0.0866211
1 0.846924 0.149756 0.305566 0.243457
2 0.657422 0.228369 0.144141 0.0696289
7 0.655078 0.409082 0.0636719 0.220508
4 0.504883 0.545361 0.308984 0.596387
0 0.925342 0.27168 0.14873 0.0603516
1 0.711279 0.276465 0.149316 0.0994141
7 0.742041 0.559766 0.169238 0.0900391
7 0.68457 0.649023 0.107031 0.114844
7 0.838281 0.278955 0.108789 0.0319336
0 0.697217 0.143066 0.280371 0.244531
0 0.86084 0.714551 0.277734 0.110937
