5 0.476562 0.404297 0.767773 0.698633
4 0.711865 0.206006 0.12334 0.101465
4 0.589014 0.204346 0.10498 0.097168
4 0.472217 0.197266 0.10791 0.100977
3 0.609033 0.186523 0.0520508 0.0310547
4 0.354443 0.188086 0.115918 0.108789
4 0.236279 0.180859 0.117285 0.110742
4 0.714355 0.299561 0.125 0.0883789
4 0.590088 0.294678 0.10791 0.0922852
4 0.472021 0.292529 0.10752 0.0893555
4 0.354541 0.283203 0.115332 0.0998047
4 0.237109 0.27793 0.113086 0.100977
4 0.713037 0.391504 0.12627 0.0785156
4 0.589697 0.388574 0.108887 0.0804688
0 0.719629 0.19624 0.0478516 0.037793
0 0.716504 0.290186 0.0371094 0.0387695
0 0.597754 0.387402 0.0449219 0.0261719
4 0.473389 0.385986 0.108887 0.0801758
4 0.358301 0.381641 0.110742 0.0816406
4 0.235791 0.376953 0.116895 0.0837891
4 0.712549 0.476758 0.129199 0.0785156
4 0.589014 0.473926 0.108887 0.0796875
4 0.472998 0.472705 0.10752 0.0791992
4 0.356396 0.469482 0.111426 0.0823242
4 0.237207 0.46875 0.114648 0.0818359
4 0.710889 0.559912 0.129199 0.0821289
4 0.589111 0.559521 0.110449 0.084082
4 0.471631 0.558789 0.10791 0.0826172
4 0.353467 0.557422 0.109473 0.0837891
4 0.232568 0.557617 0.120801 0.0847656
4 0.712402 0.649365 0.129492 0.0893555
4 0.592432 0.649121 0.116309 0.0888672
0 0.604932 0.650391 0.047168 0.0222656
4 0.472705 0.646826 0.109473 0.087207
0 0.481055 0.646924 0.0494141 0.021582
4 0.357275 0.646729 0.112402 0.0860352
4 0.235645 0.649365 0.114648 0.0913086
