1 0.670166 0.205518 0.0704102 0.0786133
1 0.825928 0.924072 0.347559 0.15127
1 0.919824 0.801025 0.159766 0.131738
1 0.790039 0.761572 0.419336 0.384668
7 0.491895 0.68833 0.581641 0.622754
2 0.599023 0.748145 0.352148 0.184766
0 0.513525 0.227783 0.288379 0.106934
2 0.833887 0.576318 0.197461 0.294434
7 0.594922 0.477148 0.80957 0.506445
2 0.0839844 0.747607 0.167969 0.177832
0 0.0553711 0.633057 0.110742 0.163965
2 0.200293 0.65918 0.226562 0.15625
0 0.246875 0.749609 0.230469 0.0816406
1 0.034375 0.810303 0.06875 0.110645
5 0.641162 0.125537 0.0608398 0.0500977
2 0.550146 0.2021 0.203418 0.162207
0 0.45415 0.238965 0.0995117 0.0845703
0 0.408252 0.154883 0.0307617 0.203125
0 0.774609 0.128369 0.226562 0.23584
0 0.819238 0.0643555 0.3125 0.128711
7 0.853711 0.232031 0.291992 0.464062
7 0.485645 0.963818 0.0982422 0.0719727
