2 0.50415 0.175635 0.136816 0.105566
2 0.329834 0.221387 0.151855 0.122852
0 0.822754 0.440039 0.109961 0.0785156
5 0.731299 0.537256 0.235449 0.0829102
5 0.694238 0.415186 0.21582 0.201855
2 0.293018 0.428906 0.171387 0.124805
2 0.294482 0.376904 0.158496 0.10791
5 0.584229 0.592285 0.225488 0.0755859
5 0.681396 0.699023 0.275098 0.248242
5 0.567871 0.684082 0.21582 0.174609
4 0.5521 0.872949 0.261426 0.135156
5 0.79668 0.860645 0.2 0.24082
5 0.751855 0.85498 0.262109 0.173242
5 0.93877 0.906787 0.12207 0.139355
