6 0.954834 0.771973 0.0897461 0.323047
6 0.893213 0.811133 0.127246 0.376953
6 0.845215 0.81001 0.0595703 0.334277
6 0.750537 0.825586 0.173145 0.348242
6 0.573975 0.806885 0.205566 0.275098
6 0.395703 0.865283 0.179297 0.165723
6 0.248535 0.772363 0.157227 0.31582
6 0.968408 0.485742 0.062793 0.248633
6 0.886963 0.502148 0.140918 0.286719
6 0.795996 0.514404 0.0597656 0.299316
6 0.681299 0.524805 0.191504 0.304883
6 0.535498 0.57583 0.16123 0.287988
6 0.361963 0.638232 0.265137 0.353809
6 0.975488 0.187842 0.0486328 0.375684
6 0.912744 0.209668 0.147363 0.419336
6 0.768408 0.194092 0.204395 0.388184
6 0.4896 0.238086 0.373535 0.476172
6 0.229932 0.258594 0.311035 0.517188
0 0.897217 0.527002 0.0444336 0.234473
0 0.977637 0.753467 0.0441406 0.246387
0 0.785254 0.515234 0.0357422 0.30293
0 0.512695 0.921338 0.0347656 0.050293
0 0.3604 0.870557 0.0694336 0.149121
0 0.241748 0.676904 0.0573242 0.0264648
0 0.233008 0.660889 0.0423828 0.309863
