6 0.413184 0.582812 0.567773 0.299609
6 0.938184 0.45 0.123047 0.046875
7 0.90752 0.370312 0.18418 0.123047
0 0.87915 0.276074 0.112793 0.0283203
3 0.716797 0.319824 0.0433594 0.0294922
3 0.80835 0.348193 0.0598633 0.0391602
5 0.771289 0.403174 0.172266 0.084082
5 0.937451 0.478955 0.0422852 0.0307617
2 0.705029 0.433545 0.0436523 0.0381836
7 0.447021 0.215186 0.0508789 0.0444336
7 0.393896 0.268848 0.230176 0.142383
7 0.0276367 0.651025 0.0552734 0.119043
5 0.141504 0.762158 0.133594 0.0793945
1 0.138721 0.759033 0.124707 0.0711914
5 0.0760254 0.790039 0.0813477 0.0384766
5 0.0248047 0.627051 0.0496094 0.0240234
0 0.0931152 0.612842 0.109473 0.0143555
1 0.414648 0.42085 0.407422 0.239551
0 0.471094 0.643115 0.0949219 0.211816
5 0.839941 0.795508 0.0462891 0.0568359
