6 0.706006 0.846191 0.0985352 0.0505859
6 0.168994 0.869824 0.337988 0.259961
6 0.699414 0.794141 0.0648438 0.0625
6 0.83042 0.71543 0.228223 0.107422
6 0.844775 0.672607 0.225879 0.13291
6 0.823389 0.606641 0.254004 0.117578
6 0.826074 0.553955 0.226172 0.0895508
6 0.803711 0.494434 0.346875 0.0890625
6 0.696973 0.423096 0.598242 0.113574
6 0.651318 0.360889 0.696777 0.11709
6 0.658936 0.30332 0.681543 0.0972656
6 0.644727 0.217529 0.557227 0.0545898
6 0.668311 0.255762 0.555566 0.0486328
6 0.641748 0.179346 0.609473 0.0600586
6 0.65874 0.0853516 0.595215 0.110156
6 0.647021 0.13584 0.631934 0.0890625
6 0.336328 0.860449 0.672656 0.278516
6 0.33418 0.840576 0.668359 0.318457
6 0.327734 0.792383 0.655469 0.324414
6 0.365918 0.752832 0.723242 0.307812
6 0.370508 0.70415 0.731836 0.294629
6 0.37168 0.648096 0.741406 0.279785
6 0.360791 0.571143 0.721582 0.234082
6 0.369678 0.519238 0.697754 0.193164
0 0.50249 0.218799 0.149121 0.235645
7 0.217285 0.3896 0.43457 0.18252
7 0.524023 0.434766 0.406445 0.202344
7 0.951904 0.6854 0.0956055 0.072168
7 0.854199 0.841846 0.291016 0.315723
1 0.736768 0.933008 0.423926 0.133398
0 0.562842 0.913281 0.0422852 0.0707031
5 0.602686 0.975488 0.0836914 0.0486328
