7 0.908691 0.149902 0.181836 0.130664
1 0.967773 0.307178 0.0638672 0.062207
1 0.373828 0.49292 0.420312 0.427832
1 0.925928 0.246826 0.0456055 0.0233398
7 0.651465 0.463135 0.05625 0.0235352
7 0.72998 0.581592 0.189453 0.0381836
7 0.43833 0.563086 0.12334 0.0890625
5 0.560352 0.516992 0.149805 0.126758
1 0.574805 0.53833 0.18457 0.134668
1 0.727637 0.528418 0.18418 0.123242
7 0.523828 0.418311 0.12832 0.109863
5 0.516016 0.289648 0.125977 0.170117
1 0.423779 0.35874 0.0770508 0.161426
5 0.476709 0.50083 0.172949 0.084082
5 0.465088 0.461035 0.112793 0.0763672
5 0.709863 0.715869 0.257617 0.222949
5 0.712158 0.289209 0.104199 0.156738
7 0.6229 0.361133 0.170996 0.211328
7 0.736475 0.475586 0.129004 0.0552734
7 0.846924 0.36123 0.305566 0.270117
