4 0.497363 0.481738 0.0753906 0.0423828
1 0.419336 0.653223 0.373633 0.476172
1 0.457861 0.987012 0.128613 0.0255859
0 0.423145 0.946777 0.0558594 0.105859
5 0.461621 0.900195 0.125 0.154492
0 0.442822 0.830957 0.0469727 0.0175781
0 0.357617 0.818848 0.0625 0.0369141
0 0.368848 0.831982 0.100195 0.0831055
7 0.37085 0.711719 0.112793 0.253711
1 0.416357 0.68833 0.124316 0.196191
1 0.409229 0.533545 0.171582 0.266895
4 0.49624 0.55083 0.0717773 0.140332
3 0.431396 0.448291 0.145215 0.287402
0 0.511719 0.622412 0.0691406 0.0676758
0 0.341992 0.637988 0.0972656 0.723437
7 0.489307 0.147705 0.342285 0.29541
0 0.537207 0.406592 0.0777344 0.0915039
0 0.558594 0.369922 0.0390625 0.0707031
