5 0.431152 0.700439 0.0146484 0.0641602
7 0.577393 0.202734 0.251465 0.213672
7 0.651367 0.374658 0.0607422 0.0793945
7 0.405566 0.308594 0.129492 0.18125
7 0.540625 0.312305 0.169141 0.127344
7 0.382471 0.388672 0.12002 0.293945
7 0.696729 0.542676 0.218262 0.326758
7 0.476465 0.458643 0.100195 0.254004
5 0.403662 0.736816 0.0399414 0.0873047
7 0.336328 0.62959 0.205859 0.347852
6 0.255322 0.386084 0.275098 0.532715
7 0.597559 0.772656 0.328125 0.394531
7 0.558691 0.476367 0.228906 0.273438
7 0.875977 0.0419922 0.113086 0.0839844
7 0.764648 0.0708984 0.123047 0.0677734
7 0.963867 0.0821777 0.0716797 0.164355
7 0.759424 0.165869 0.116113 0.196777
7 0.887793 0.127295 0.151562 0.194434
7 0.848047 0.27334 0.229883 0.206055
