7 0.379346 0.436475 0.0932617 0.0456055
7 0.601318 0.289941 0.221191 0.163672
7 0.57915 0.370947 0.128613 0.15752
7 0.438184 0.162305 0.0634766 0.0761719
7 0.40083 0.292432 0.31084 0.255957
1 0.235645 0.216064 0.028125 0.0620117
1 0.11875 0.227441 0.212305 0.0828125
1 0.184033 0.26958 0.25166 0.056543
1 0.207568 0.0968262 0.403809 0.193652
7 0.00874023 0.0405273 0.0174805 0.0810547
5 0.53374 0.261914 0.0383789 0.0148437
7 0.509375 0.481006 0.225195 0.183301
7 0.721777 0.355615 0.141211 0.0491211
7 0.792334 0.505713 0.390918 0.334277
7 0.692285 0.724512 0.428906 0.504492
0 0.768359 0.508057 0.0611328 0.0428711
0 0.742041 0.527881 0.0489258 0.0379883
