7 0.823193 0.766895 0.0823242 0.0505859
7 0.853223 0.736523 0.0873047 0.122266
0 0.812646 0.658594 0.104785 0.108398
1 0.490771 0.527002 0.622363 0.483105
1 0.296631 0.283643 0.0450195 0.0399414
0 0.250195 0.0978516 0.0386719 0.0369141
0 0.300977 0.118604 0.0820312 0.0374023
0 0.219385 0.111035 0.0413086 0.0191406
7 0.269971 0.155518 0.0393555 0.015332
7 0.31001 0.231543 0.046582 0.0542969
7 0.376318 0.249609 0.119043 0.0439453
7 0.397363 0.233789 0.0519531 0.0423828
7 0.255762 0.188965 0.0367188 0.0257812
7 0.104688 0.210596 0.0400391 0.0233398
7 0.21748 0.211328 0.0572266 0.0228516
7 0.249023 0.276953 0.0410156 0.0210938
1 0.576562 0.0183105 0.0558594 0.0327148
1 0.611279 0.0112793 0.0823242 0.0225586
5 0.415527 0.992969 0.0724609 0.0136719
0 0.981006 0.765723 0.0374023 0.0617188
