6 0.782471 0.783252 0.305566 0.37998
1 0.50791 0.65874 0.0525391 0.074707
1 0.402881 0.580908 0.100488 0.121387
6 0.142871 0.339551 0.112109 0.0773438
6 0.104395 0.4021 0.158203 0.130957
6 0.114014 0.342236 0.101465 0.0827148
7 0.137305 0.697559 0.125781 0.202734
1 0.287354 0.45918 0.0924805 0.148438
1 0.372168 0.506982 0.151562 0.171973
1 0.257764 0.345215 0.165918 0.17793
1 0.304541 0.463135 0.0262695 0.0493164
1 0.467969 0.269727 0.231641 0.173633
1 0.331494 0.392334 0.0870117 0.116699
1 0.339893 0.328223 0.0270508 0.0505859
1 0.487012 0.298438 0.133203 0.13457
1 0.361133 0.430176 0.118555 0.188477
7 0.433008 0.615283 0.108594 0.174316
1 0.572217 0.513232 0.347754 0.574121
7 0.431836 0.718555 0.110156 0.102539
7 0.223096 0.515527 0.172363 0.238086
7 0.319922 0.608643 0.128516 0.165723
7 0.255859 0.631934 0.0671875 0.0992187
7 0.239502 0.6875 0.094043 0.148828
7 0.304297 0.762061 0.169141 0.190137
