0 0.377539 0.0833496 0.247656 0.166699
7 0.0741211 0.260303 0.148242 0.468457
7 0.03125 0.122656 0.0625 0.09375
7 0.0457031 0.0763672 0.0587891 0.0816406
7 0.0727051 0.290918 0.0833008 0.135156
0 0.214502 0.0833496 0.0379883 0.0381836
1 0.381836 0.507764 0.0939453 0.100098
7 0.240479 0.339453 0.270801 0.424219
7 0.228418 0.264795 0.0974609 0.12041
7 0.224658 0.132373 0.053418 0.112598
7 0.164697 0.115918 0.0807617 0.116602
7 0.223779 0.0794434 0.11416 0.158887
7 0.954883 0.126758 0.0898438 0.253516
1 0.839014 0.201465 0.131934 0.223047
0 0.864258 0.181592 0.10918 0.126465
1 0.903564 0.616309 0.19248 0.766797
1 0.646045 0.423047 0.528223 0.423633
1 0.564014 0.277344 0.172754 0.208008
1 0.643896 0.316309 0.293848 0.15918
0 0.474023 0.272412 0.0666016 0.309277
0 0.648828 0.465723 0.0550781 0.14668
1 0.586523 0.544287 0.316211 0.443848
