7 0.028418 0.569238 0.0568359 0.285352
1 0.789258 0.481152 0.12207 0.140234
1 0.818115 0.328662 0.0473633 0.168652
1 0.801318 0.338672 0.0481445 0.160742
1 0.739209 0.360303 0.125293 0.164355
1 0.687891 0.505322 0.197656 0.228223
1 0.580225 0.437842 0.062793 0.0536133
1 0.67041 0.502832 0.117578 0.135937
7 0.623926 0.656299 0.276562 0.434863
7 0.123877 0.800049 0.247754 0.399121
1 0.341553 0.936377 0.118066 0.056543
1 0.381299 0.831348 0.243262 0.17793
1 0.344043 0.757764 0.291211 0.10752
1 0.499463 0.666943 0.0188477 0.158691
1 0.326221 0.685303 0.265137 0.0823242
1 0.434863 0.655859 0.124219 0.139844
1 0.524805 0.483984 0.0902344 0.0691406
6 0.697168 0.268213 0.202344 0.218262
1 0.665918 0.394141 0.149805 0.147461
6 0.659033 0.186133 0.141895 0.19707
1 0.541943 0.300586 0.0987305 0.243359
1 0.437402 0.145801 0.145117 0.210938
7 0.406982 0.371484 0.312012 0.271484
7 0.326416 0.538379 0.334863 0.364453
0 0.384424 0.856494 0.0555664 0.108496
0 0.765723 0.367041 0.0597656 0.050293
