5 0.456006 0.455469 0.818848 0.720313
4 0.400586 0.597461 0.132227 0.0568359
4 0.451709 0.667969 0.196777 0.0976562
4 0.411182 0.519092 0.0375977 0.0168945
4 0.312891 0.408594 0.192969 0.181836
4 0.488574 0.320801 0.0673828 0.115039
4 0.370264 0.377393 0.127637 0.173145
4 0.479785 0.400293 0.124414 0.115625
4 0.444141 0.446387 0.078125 0.144922
4 0.566797 0.425635 0.0757812 0.0461914
4 0.412793 0.606543 0.227148 0.0994141
4 0.538916 0.345361 0.0975586 0.132129
4 0.333154 0.532568 0.140918 0.0985352
4 0.353906 0.640723 0.123242 0.0484375
4 0.463574 0.681836 0.186328 0.0685547
4 0.392822 0.547949 0.0958008 0.0529297
4 0.736084 0.630469 0.100098 0.0351562
5 0.549902 0.530273 0.24043 0.179883
3 0.691992 0.593311 0.291992 0.158887
5 0.0780273 0.179199 0.0708984 0.0255859
0 0.142383 0.627734 0.284766 0.744141
