7 0.987061 0.283301 0.0250977 0.104883
0 0.816992 0.306543 0.0744141 0.0679687
0 0.894141 0.352783 0.0720703 0.0538086
0 0.700586 0.355811 0.0763672 0.0483398
0 0.692432 0.39873 0.0522461 0.0394531
2 0.745557 0.39165 0.0942383 0.0694336
0 0.688867 0.435596 0.0615234 0.0354492
0 0.59707 0.411719 0.110156 0.0724609
1 0.623193 0.572705 0.421582 0.312012
0 0.532373 0.467773 0.0489258 0.0283203
7 0.499512 0.467432 0.028125 0.0454102
7 0.467432 0.477783 0.0374023 0.0602539
6 0.374854 0.601416 0.184863 0.133887
0 0.443311 0.634277 0.0545898 0.0632812
0 0.261035 0.582373 0.125977 0.015918
0 0.215576 0.641553 0.0555664 0.0573242
0 0.05625 0.646338 0.0291016 0.0575195
0 0.349365 0.773926 0.0856445 0.0568359
7 0.592236 0.743652 0.160059 0.0478516
0 0.733154 0.678906 0.0741211 0.0394531
0 0.813281 0.751123 0.0625 0.0692383
7 0.846387 0.627393 0.0433594 0.0766602
1 0.886621 0.597949 0.119727 0.111133
