7 0.196729 0.15708 0.0383789 0.11084
7 0.330322 0.176953 0.281738 0.164453
7 0.587793 0.180908 0.416992 0.361816
6 0.299072 0.274902 0.24502 0.220508
7 0.0962402 0.343506 0.19248 0.687012
0 0.32124 0.249316 0.200684 0.0917969
7 0.17876 0.450391 0.35752 0.470703
7 0.894482 0.243408 0.209668 0.263184
0 0.411426 0.588037 0.357812 0.303613
1 0.366406 0.488428 0.231445 0.0493164
7 0.508105 0.499707 0.0810547 0.0570312
1 0.358496 0.507129 0.224219 0.0966797
7 0.447705 0.717139 0.234082 0.15752
1 0.257568 0.74248 0.191113 0.0900391
1 0.972754 0.725049 0.0539063 0.0325195
7 0.770068 0.733887 0.441504 0.480664
