9 0.645313 0.39043 0.178125 0.366016
1 0.376855 0.57334 0.325781 0.225977
1 0.45752 0.554395 0.101758 0.0607422
1 0.251953 0.483447 0.0863281 0.208301
1 0.454834 0.447314 0.0243164 0.0352539
1 0.364795 0.384277 0.196191 0.185156
1 0.344971 0.463525 0.145605 0.136035
1 0.460938 0.493799 0.131055 0.0633789
1 0.394141 0.405273 0.101562 0.150781
1 0.494189 0.286035 0.158887 0.147266
1 0.481787 0.300244 0.135449 0.110254
1 0.550732 0.37793 0.19209 0.248242
1 0.575342 0.310352 0.0538086 0.0697266
1 0.528223 0.321484 0.0238281 0.0613281
1 0.526074 0.341992 0.0177734 0.0294922
1 0.505127 0.319238 0.0358398 0.114258
