1 0.898682 0.566553 0.202051 0.260645
1 0.973828 0.481787 0.0515625 0.0573242
7 0.86792 0.823389 0.263574 0.352637
0 0.515918 0.424658 0.0496094 0.0223633
4 0.627148 0.400293 0.0333984 0.0376953
3 0.444775 0.406348 0.0799805 0.0746094
5 0.416846 0.352832 0.0327148 0.0414062
4 0.548877 0.394678 0.146777 0.0776367
5 0.466602 0.346875 0.0820312 0.0919922
5 0.545752 0.31377 0.102832 0.0486328
0 0.515039 0.512891 0.096875 0.0451172
4 0.641357 0.494678 0.0532227 0.0602539
5 0.475342 0.423828 0.056543 0.0128906
5 0.590576 0.352051 0.084668 0.0791016
3 0.548242 0.4625 0.215625 0.0763672
5 0.454736 0.46167 0.0450195 0.0483398
4 0.629102 0.44082 0.0697266 0.0552734
5 0.576221 0.438379 0.0756836 0.0845703
5 0.586279 0.507178 0.0641602 0.0629883
