1 0.539404 0.326367 0.0262695 0.0185547
1 0.675586 0.245703 0.275781 0.342578
1 0.677588 0.330811 0.0665039 0.0393555
1 0.635303 0.349805 0.0741211 0.0310547
1 0.185498 0.712109 0.228223 0.25625
1 0.173877 0.584521 0.199902 0.265527
1 0.257715 0.491553 0.267383 0.167676
1 0.595996 0.699609 0.75 0.442773
1 0.489893 0.562549 0.568652 0.291699
1 0.555127 0.516504 0.36084 0.123633
1 0.555762 0.442432 0.333789 0.134277
1 0.659229 0.447217 0.327832 0.118066
1 0.666699 0.429053 0.482617 0.147168
1 0.672803 0.408594 0.50127 0.139844
1 0.58418 0.37749 0.36582 0.108105
1 0.627002 0.105859 0.167676 0.174609
1 0.666846 0.185059 0.0895508 0.0400391
1 0.601074 0.177979 0.0394531 0.0741211
1 0.666748 0.237402 0.0924805 0.0892578
1 0.597412 0.213184 0.0649414 0.0638672
1 0.587012 0.262939 0.0753906 0.0469727
1 0.616602 0.28623 0.193945 0.0691406
1 0.609717 0.324902 0.122754 0.0320312
0 0.266211 0.832715 0.0542969 0.0496094
6 0.0486328 0.843115 0.0972656 0.253613
6 0.0683105 0.980615 0.0637695 0.0379883
