5 0.895703 0.772949 0.0597656 0.00957031
5 0.986279 0.607959 0.0270508 0.0750977
5 0.986084 0.698047 0.0272461 0.0615234
5 0.936133 0.610742 0.0568359 0.107813
5 0.923828 0.718066 0.125977 0.135937
5 0.054541 0.566992 0.0897461 0.0710937
1 0.189502 0.636914 0.0336914 0.0443359
7 0.135498 0.553906 0.11084 0.19375
1 0.401904 0.33335 0.160449 0.111816
7 0.479688 0.420605 0.104688 0.272461
7 0.367871 0.442822 0.143555 0.195801
5 0.950732 0.824268 0.0979492 0.0961914
1 0.234961 0.54458 0.158984 0.263184
1 0.271338 0.472754 0.0307617 0.0591797
1 0.210303 0.465381 0.0942383 0.0842773
1 0.251123 0.521484 0.0518555 0.034375
1 0.245947 0.518164 0.0573242 0.0396484
1 0.240332 0.483643 0.0654297 0.0704102
1 0.200098 0.514941 0.0460938 0.0595703
7 0.643945 0.31543 0.232422 0.467578
1 0.690674 0.123877 0.0262695 0.0512695
7 0.72417 0.559082 0.377441 0.382617
5 0.927832 0.613428 0.0357422 0.074707
7 0.370752 0.643018 0.24209 0.217285
1 0.944092 0.815625 0.052832 0.0744141
