1 0.0376953 0.58877 0.0753906 0.15332
1 0.321094 0.195947 0.314844 0.111621
6 0.376172 0.745459 0.526758 0.337598
0 0.355957 0.23291 0.194141 0.0367188
0 0.341113 0.227051 0.0730469 0.0126953
6 0.298633 0.503516 0.277148 0.128516
6 0.562646 0.45835 0.405762 0.18252
6 0.325537 0.478906 0.184863 0.113086
7 0.232861 0.350586 0.324121 0.251758
1 0.149023 0.305664 0.170313 0.126758
1 0.201025 0.268164 0.0370117 0.0605469
7 0.193311 0.277686 0.068457 0.109863
1 0.173145 0.276709 0.106836 0.158496
1 0.165625 0.239355 0.0634766 0.0589844
6 0.587598 0.391113 0.431836 0.181055
6 0.576562 0.312109 0.451367 0.207617
1 0.141406 0.310693 0.135937 0.150098
0 0.0641602 0.459082 0.12832 0.429102
