1 0.68374 0.64751 0.390332 0.31416
1 0.754004 0.668311 0.223242 0.150098
1 0.740625 0.711816 0.111133 0.0638672
1 0.65332 0.726318 0.0367188 0.0188477
1 0.609766 0.718262 0.0707031 0.0615234
1 0.542383 0.665234 0.121484 0.0638672
1 0.61626 0.673975 0.187793 0.0952148
1 0.62998 0.657861 0.136914 0.0823242
1 0.759033 0.65957 0.12627 0.103516
2 0.882129 0.559033 0.0525391 0.0922852
1 0.841553 0.501025 0.134473 0.24209
1 0.62085 0.623828 0.0600586 0.0386719
1 0.851025 0.481836 0.0557617 0.185156
1 0.732373 0.619531 0.209277 0.141211
1 0.720898 0.674414 0.0652344 0.0605469
1 0.776074 0.570947 0.0541016 0.034082
1 0.697559 0.607861 0.116797 0.0827148
1 0.654248 0.45835 0.515332 0.374316
1 0.662744 0.458301 0.109668 0.109766
1 0.745508 0.274463 0.204883 0.24541
7 0.813379 0.239941 0.0320312 0.0658203
1 0.828027 0.405273 0.0513672 0.0505859
0 0.210303 0.39751 0.260449 0.183887
1 0.289941 0.584668 0.404297 0.547656
1 0.328516 0.445264 0.106445 0.0870117
1 0.19707 0.520654 0.211523 0.295996
1 0.197168 0.659229 0.0679687 0.0584961
1 0.307031 0.545801 0.189453 0.192773
