6 0.236865 0.682373 0.077832 0.162402
6 0.407617 0.706152 0.288477 0.372656
6 0.675098 0.851807 0.280273 0.273145
1 0.843018 0.222217 0.0327148 0.050293
0 0.948437 0.354297 0.0525391 0.0195312
7 0.934375 0.462207 0.130664 0.276172
6 0.726318 0.631152 0.367285 0.461328
6 0.707129 0.416016 0.297656 0.328711
1 0.728516 0.196289 0.217969 0.3125
1 0.741992 0.136865 0.0880859 0.160059
1 0.976904 0.300537 0.0456055 0.0336914
1 0.946484 0.267236 0.0369141 0.0317383
6 0.38252 0.496338 0.315234 0.370996
5 0.0447754 0.660547 0.0895508 0.268164
0 0.679346 0.847217 0.28623 0.096582
0 0.409375 0.681982 0.283008 0.212598
0 0.382471 0.446875 0.313965 0.172266
