7 0.0206543 0.264258 0.0413086 0.0726563
1 0.0494141 0.496191 0.0988281 0.116797
5 0.0737793 0.315967 0.0522461 0.0223633
1 0.181201 0.389258 0.0879883 0.13418
1 0.721045 0.273877 0.034082 0.0364258
5 0.051416 0.288818 0.0717773 0.0592773
5 0.110449 0.293311 0.0992187 0.0860352
1 0.0875 0.403076 0.112109 0.155762
2 0.5625 0.292676 0.0568359 0.166211
1 0.280566 0.41333 0.158398 0.0969727
9 0.224316 0.604297 0.401758 0.318164
1 0.0444824 0.778906 0.0889648 0.110352
1 0.413037 0.772461 0.175879 0.128711
1 0.347705 0.790869 0.231152 0.0520508
1 0.34043 0.783203 0.206641 0.0386719
1 0.329395 0.766357 0.106445 0.0510742
1 0.606689 0.74043 0.266895 0.119336
1 0.791309 0.376514 0.113086 0.224707
1 0.639209 0.437109 0.196387 0.104883
1 0.43042 0.428467 0.224512 0.118262
1 0.597217 0.589648 0.350488 0.269141
1 0.4729 0.506738 0.194434 0.275781
1 0.658691 0.344141 0.176563 0.106445
1 0.444092 0.328223 0.204395 0.125781
1 0.263379 0.351025 0.105469 0.030957
1 0.64668 0.231543 0.148438 0.0890625
1 0.657861 0.27627 0.131934 0.0322266
1 0.677051 0.855371 0.178906 0.194922
1 0.476855 0.867041 0.188477 0.147363
1 0.408105 0.706885 0.268555 0.162207
1 0.0188477 0.704688 0.0376953 0.112305
1 0.1604 0.814941 0.148145 0.0679687
1 0.226855 0.789111 0.0582031 0.0325195
1 0.256104 0.369824 0.0631836 0.0357422
1 0.313135 0.364453 0.0541992 0.0101563
1 0.453223 0.238086 0.1875 0.0689453
1 0.660498 0.251855 0.0961914 0.0359375
2 0.791113 0.315723 0.0763672 0.0550781
1 0.767871 0.306006 0.0443359 0.0639648
5 0.0163574 0.394043 0.0327148 0.112891
5 0.0163574 0.593311 0.0327148 0.0805664
1 0.244238 0.320117 0.252344 0.101953
