1 0.337305 0.737402 0.21582 0.373633
1 0.426562 0.684375 0.175586 0.235156
1 0.562305 0.442285 0.285742 0.411719
1 0.606152 0.323291 0.215234 0.342285
1 0.494043 0.41665 0.0148437 0.040332
1 0.464697 0.290479 0.0602539 0.346191
1 0.575488 0.40376 0.130664 0.177246
1 0.585107 0.390381 0.180566 0.209277
1 0.681836 0.226123 0.0476562 0.175879
1 0.637012 0.287207 0.0175781 0.0453125
1 0.681641 0.263672 0.0736328 0.0988281
1 0.658936 0.230029 0.0768555 0.116113
1 0.635937 0.224512 0.0396484 0.0939453
1 0.629785 0.187939 0.0423828 0.0174805
1 0.619873 0.189648 0.0418945 0.0142578
1 0.629736 0.227197 0.0739258 0.0608398
1 0.608057 0.234619 0.0399414 0.0756836
1 0.60376 0.240918 0.0354492 0.0849609
1 0.630322 0.288623 0.0141602 0.0508789
1 0.759277 0.442432 0.158008 0.287012
1 0.587207 0.24585 0.0191406 0.0961914
1 0.581055 0.2604 0.0322266 0.0889648
1 0.558203 0.220361 0.0349609 0.164355
1 0.540088 0.225146 0.0170898 0.146777
1 0.528857 0.208936 0.0245117 0.179199
