1 0.465625 0.602832 0.0359375 0.0238281
1 0.467285 0.69248 0.172656 0.176563
0 0.465674 0.706689 0.0989258 0.040332
1 0.140088 0.550244 0.196387 0.250684
1 0.265918 0.527979 0.231641 0.362793
1 0.0994141 0.464648 0.0773438 0.0515625
1 0.0850586 0.482129 0.0882813 0.0476562
1 0.0936523 0.518311 0.0816406 0.0393555
0 0.140137 0.605518 0.119531 0.141504
1 0.136182 0.511426 0.0426758 0.0697266
1 0.268115 0.462646 0.155762 0.252637
1 0.237012 0.455859 0.176367 0.180859
1 0.431689 0.436328 0.270605 0.37793
0 0.44043 0.413965 0.226172 0.373633
1 0.219971 0.422168 0.181543 0.233789
1 0.693311 0.684229 0.449121 0.576074
0 0.684473 0.723877 0.188477 0.369043
0 0.219482 0.387256 0.143848 0.0932617
