1 0.620703 0.625537 0.310156 0.104199
1 0.750879 0.452783 0.313867 0.255176
1 0.729687 0.456396 0.194141 0.0749023
1 0.80542 0.513379 0.0598633 0.0228516
1 0.672607 0.502002 0.0918945 0.0545898
2 0.732666 0.481885 0.138574 0.0833008
7 0.389697 0.458691 0.513574 0.319727
1 0.250293 0.710498 0.394141 0.22002
1 0.162354 0.472803 0.324707 0.0795898
1 0.203857 0.636133 0.407715 0.279297
1 0.141016 0.61543 0.282031 0.152539
0 0.341113 0.632471 0.0400391 0.0639648
0 0.101514 0.86665 0.203027 0.266113
7 0.668359 0.931299 0.0257812 0.047168
0 0.452051 0.368506 0.0859375 0.046582
