3 0.745752 0.248486 0.283105 0.222754
3 0.563525 0.35752 0.276465 0.300391
3 0.465479 0.460596 0.342285 0.332324
3 0.266504 0.523438 0.344531 0.246289
3 0.200195 0.708984 0.348828 0.389648
5 0.810205 0.421484 0.379004 0.270117
1 0.62373 0.576855 0.12832 0.0267578
5 0.757715 0.56084 0.160352 0.0736328
0 0.724854 0.586768 0.0708008 0.0336914
7 0.791309 0.576855 0.0978516 0.0421875
7 0.578662 0.601514 0.23877 0.0666992
7 0.940674 0.454883 0.078418 0.0238281
1 0.914697 0.519336 0.17002 0.131445
1 0.931738 0.520605 0.135937 0.116602
7 0.274609 0.97207 0.0353516 0.0552734
1 0.637939 0.782275 0.723535 0.435059
0 0.434717 0.819971 0.286035 0.359668
