7 0.923486 0.421143 0.152441 0.75791
0 0.107959 0.510156 0.215918 0.824414
7 0.440332 0.805811 0.0777344 0.0416992
7 0.941748 0.747705 0.115723 0.0833008
7 0.923486 0.622168 0.152441 0.249219
7 0.548145 0.420996 0.903125 0.841992
6 0.603809 0.535352 0.296289 0.136133
6 0.556543 0.535352 0.176563 0.0994141
6 0.361572 0.549707 0.183496 0.0697266
6 0.421631 0.511182 0.158105 0.0952148
6 0.752197 0.674756 0.12998 0.250293
6 0.592236 0.742188 0.24209 0.168945
6 0.444238 0.749414 0.163672 0.0642578
6 0.260547 0.694043 0.119727 0.109375
6 0.418994 0.51748 0.13291 0.0865234
6 0.481348 0.782373 0.209961 0.0518555
6 0.42627 0.650146 0.275781 0.228418
6 0.654004 0.609717 0.322461 0.207129
6 0.704004 0.62959 0.123047 0.113867
6 0.345068 0.706982 0.0618164 0.0518555
7 0.955469 0.47793 0.0882813 0.174609
