0 0.842432 0.67959 0.172949 0.0550781
7 0.80293 0.64458 0.0443359 0.0407227
7 0.694482 0.546387 0.37041 0.320898
7 0.401123 0.447363 0.187793 0.0699219
7 0.27749 0.68877 0.334668 0.179102
7 0.420264 0.530811 0.216895 0.186035
7 0.264551 0.660205 0.148828 0.0768555
7 0.0547363 0.53457 0.109473 0.433789
7 0.201367 0.507178 0.260547 0.318457
0 0.183691 0.4354 0.185547 0.0979492
0 0.676563 0.385986 0.0324219 0.0538086
0 0.684668 0.416553 0.0591797 0.0364258
0 0.654395 0.427441 0.0324219 0.0503906
1 0.61792 0.425537 0.0618164 0.046582
0 0.74585 0.497119 0.0790039 0.0860352
7 0.810352 0.512402 0.0744141 0.0634766
