1 0.981348 0.667188 0.0367188 0.0412109
6 0.959619 0.804639 0.0799805 0.0493164
5 0.973828 0.250488 0.0515625 0.146289
1 0.786035 0.204443 0.123633 0.146582
1 0.884619 0.383301 0.230176 0.219531
7 0.790039 0.563379 0.419336 0.246289
1 0.750146 0.164844 0.0598633 0.0449219
1 0.77998 0.229199 0.0810547 0.0908203
7 0.527588 0.162305 0.624707 0.153516
7 0.590771 0.257959 0.722559 0.405762
7 0.470752 0.506445 0.503613 0.352148
6 0.69873 0.718457 0.343945 0.246484
0 0.718555 0.718262 0.342578 0.135937
