5 0.0990234 0.576904 0.198047 0.452832
5 0.0912598 0.392236 0.18252 0.784473
5 0.434521 0.491553 0.869043 0.683496
4 0.315967 0.28667 0.128613 0.158691
4 0.453906 0.292627 0.103516 0.156738
4 0.569482 0.299219 0.115723 0.158984
4 0.698535 0.301563 0.117383 0.162695
4 0.304053 0.368994 0.135254 0.156543
4 0.43125 0.376465 0.118359 0.157227
4 0.557031 0.38208 0.112109 0.160449
4 0.689307 0.391748 0.12334 0.15752
4 0.275488 0.464551 0.143555 0.147852
4 0.413721 0.474072 0.127637 0.144629
4 0.547314 0.484961 0.12041 0.14707
4 0.681543 0.484814 0.12832 0.150098
4 0.236621 0.573779 0.170313 0.135645
4 0.389404 0.581396 0.141895 0.140918
4 0.530029 0.594434 0.12959 0.139844
4 0.678418 0.604541 0.141211 0.141113
4 0.672412 0.721094 0.143848 0.107422
4 0.517676 0.707568 0.141211 0.113574
4 0.196289 0.685156 0.189453 0.110352
4 0.360352 0.70127 0.159766 0.104883
