2 0.944141 0.265234 0.111133 0.13418
7 0.798877 0.201123 0.400098 0.18252
7 0.857764 0.749365 0.283691 0.415918
5 0.798242 0.958252 0.0667969 0.0831055
7 0.47041 0.848437 0.744336 0.302539
7 0.772607 0.522705 0.454004 0.470996
5 0.796094 0.51377 0.407031 0.612891
0 0.458789 0.236719 0.122656 0.0503906
7 0.0706055 0.188379 0.141211 0.205078
7 0.121045 0.470654 0.24209 0.462598
7 0.308594 0.302344 0.364453 0.243555
7 0.173437 0.77085 0.346875 0.354199
1 0.645312 0.327051 0.0849609 0.157031
5 0.286084 0.442383 0.228223 0.289453
0 0.173584 0.589502 0.127637 0.0868164
5 0.515576 0.466309 0.220215 0.313477
5 0.564941 0.55083 0.367383 0.364551
0 0.293945 0.792139 0.181836 0.193457
5 0.325732 0.56499 0.292285 0.413184
5 0.0603516 0.857178 0.120703 0.187988
5 0.151318 0.849707 0.116699 0.121484
5 0.151611 0.812305 0.0956055 0.0486328
5 0.15332 0.776563 0.0830078 0.0580078
5 0.0586914 0.78335 0.117383 0.0711914
5 0.688867 0.626563 0.416016 0.39707
7 0.799121 0.784131 0.0558594 0.0325195
7 0.912402 0.874707 0.174609 0.25
