7 0.550635 0.371338 0.898145 0.640918
0 0.493262 0.96958 0.18418 0.0602539
5 0.915723 0.600293 0.0992187 0.104883
5 0.274512 0.211426 0.343945 0.270117
5 0.161426 0.336084 0.140234 0.180566
5 0.290381 0.232422 0.151465 0.143359
7 0.497412 0.841699 0.890918 0.0966797
5 0.395459 0.179883 0.214941 0.117773
7 0.558984 0.336523 0.88125 0.490039
5 0.691162 0.658398 0.415332 0.327148
0 0.727148 0.430176 0.173242 0.110352
5 0.372168 0.517969 0.567773 0.450195
0 0.85083 0.362256 0.183887 0.117285
2 0.89082 0.949365 0.217578 0.100684
2 0.696582 0.960107 0.307227 0.0793945
7 0.499854 0.903076 0.999707 0.193457
