1 0.307227 0.840918 0.484766 0.22793
1 0.302637 0.826025 0.480859 0.246777
1 0.105176 0.684961 0.12832 0.0396484
1 0.269043 0.645459 0.139258 0.0493164
1 0.262549 0.629199 0.112402 0.0376953
1 0.381299 0.721143 0.146777 0.160449
1 0.25542 0.829346 0.280762 0.186035
1 0.306934 0.728662 0.119727 0.14834
1 0.270459 0.717139 0.100488 0.122754
1 0.242578 0.734668 0.168359 0.162695
1 0.234326 0.759229 0.078418 0.0868164
1 0.200879 0.767383 0.141211 0.161719
2 0.360791 0.669482 0.050293 0.0245117
5 0.814258 0.742578 0.194727 0.09375
5 0.820605 0.675732 0.201367 0.0959961
5 0.825439 0.60752 0.207715 0.0955078
5 0.830176 0.53833 0.211328 0.0905273
5 0.834473 0.465771 0.217969 0.0868164
5 0.843945 0.390137 0.218945 0.0837891
5 0.852539 0.308691 0.222852 0.0845703
5 0.859668 0.224072 0.225195 0.0924805
5 0.800098 0.136768 0.372656 0.103418
5 0.585498 0.767627 0.282715 0.13291
5 0.565137 0.686963 0.328711 0.152246
5 0.564355 0.617529 0.333008 0.140332
5 0.564697 0.546143 0.338965 0.127441
5 0.565137 0.471631 0.344531 0.116309
5 0.568994 0.392578 0.356152 0.105664
5 0.572607 0.30874 0.363379 0.0952148
5 0.573096 0.213379 0.372363 0.103906
