1 0.461719 0.815332 0.0761719 0.0419922
7 0.695801 0.669434 0.460547 0.660352
1 0.0773926 0.537646 0.154785 0.252637
1 0.314014 0.566797 0.453418 0.490039
1 0.307275 0.655273 0.0952148 0.0453125
1 0.364941 0.65498 0.0458984 0.0486328
1 0.436816 0.653125 0.123047 0.0634766
1 0.458447 0.581299 0.0418945 0.0799805
1 0.27793 0.472168 0.0662109 0.0191406
1 0.233398 0.510742 0.117578 0.11875
1 0.433008 0.481982 0.166211 0.12666
1 0.492773 0.536035 0.0451172 0.270508
1 0.208545 0.616895 0.0897461 0.114062
1 0.351416 0.520312 0.174121 0.0830078
1 0.378613 0.597852 0.191211 0.0839844
1 0.266553 0.579199 0.0885742 0.194727
