6 0.597217 0.591211 0.502637 0.232617
1 0.967627 0.806836 0.040332 0.0560547
5 0.923389 0.435596 0.12002 0.062207
1 0.912549 0.667432 0.174316 0.107129
1 0.943896 0.616602 0.111426 0.117578
7 0.847852 0.455566 0.0357422 0.0302734
7 0.930908 0.47168 0.137598 0.106641
6 0.476709 0.601416 0.62002 0.244043
1 0.852002 0.542725 0.213965 0.161426
6 0.547119 0.393994 0.638574 0.222949
5 0.770996 0.575781 0.0419922 0.0304687
1 0.495557 0.435547 0.568457 0.286719
6 0.494385 0.472021 0.512598 0.300098
0 0.990527 0.812109 0.0181641 0.190234
1 0.209521 0.50415 0.0790039 0.0584961
5 0.849072 0.784814 0.275488 0.189746
0 0.657715 0.754053 0.102539 0.0647461
0 0.960107 0.540918 0.0790039 0.0386719
7 0.831738 0.651758 0.0767578 0.118555
3 0.69292 0.791895 0.0379883 0.0451172
7 0.921094 0.823047 0.0453125 0.0384766
0 0.580859 0.454736 0.127344 0.301855
0 0.352393 0.49292 0.196777 0.254199
0 0.959033 0.598486 0.0813477 0.0758789
0 0.985156 0.62207 0.0291016 0.0615234
0 0.887891 0.614648 0.05625 0.0304687
0 0.690771 0.741699 0.062793 0.0349609
