7 0.485059 0.468945 0.0751953 0.210352
6 0.463428 0.635059 0.122754 0.24375
1 0.402246 0.506934 0.183008 0.181836
7 0.523682 0.84585 0.305762 0.30752
7 0.574414 0.236133 0.132422 0.193164
7 0.616064 0.513281 0.224707 0.443164
1 0.696533 0.405371 0.146582 0.688477
0 0.642822 0.184229 0.115527 0.130957
1 0.25166 0.378369 0.0632812 0.0999023
7 0.308301 0.346875 0.118555 0.136914
1 0.35459 0.427246 0.219531 0.189844
1 0.739209 0.542969 0.161426 0.511914
1 0.784912 0.416504 0.251465 0.800586
1 0.387402 0.519043 0.139844 0.137891
