6 0.439941 0.545361 0.326367 0.19248
1 0.592578 0.738867 0.376367 0.316992
1 0.208789 0.624805 0.416992 0.331055
1 0.0932617 0.2875 0.131641 0.12207
1 0.260547 0.385645 0.37832 0.245508
6 0.059668 0.442432 0.0419922 0.0401367
6 0.0279297 0.490674 0.0558594 0.0979492
7 0.0606934 0.839844 0.121387 0.0488281
0 0.301221 0.310547 0.0879883 0.0412109
0 0.282715 0.374121 0.193164 0.155469
0 0.176611 0.430078 0.0489258 0.0828125
0 0.533838 0.679443 0.104785 0.062793
0 0.502686 0.511377 0.0727539 0.0317383
