7 0.407471 0.75083 0.303613 0.174316
1 0.240234 0.245801 0.0810547 0.0992187
1 0.259912 0.331445 0.0899414 0.126758
7 0.188965 0.164209 0.0625 0.155762
5 0.421338 0.597754 0.096582 0.0669922
7 0.338232 0.565869 0.187793 0.131738
6 0.583838 0.561182 0.23252 0.15752
7 0.57627 0.54834 0.127344 0.0798828
7 0.563379 0.55791 0.0982422 0.0439453
1 0.446045 0.451563 0.394824 0.238867
1 0.428711 0.494482 0.157031 0.127441
1 0.448535 0.416162 0.198047 0.0729492
5 0.359277 0.462939 0.028125 0.0473633
1 0.385645 0.40293 0.0681641 0.0568359
1 0.478809 0.38252 0.132227 0.0865234
1 0.506934 0.471826 0.117773 0.0547852
0 0.514844 0.483252 0.0992187 0.0557617
