9 0.865771 0.784326 0.226074 0.269629
9 0.764551 0.787402 0.211719 0.284766
9 0.611475 0.794482 0.203418 0.328418
9 0.461377 0.793457 0.159277 0.3125
9 0.159424 0.775537 0.192676 0.301855
9 0.291064 0.785156 0.176465 0.308789
9 0.899463 0.466895 0.149512 0.183789
9 0.760742 0.462793 0.161133 0.183789
9 0.607861 0.459717 0.175293 0.181738
9 0.461084 0.441797 0.12627 0.20957
9 0.162891 0.438086 0.135156 0.192383
9 0.293311 0.441992 0.184082 0.196875
9 0.882959 0.162402 0.127441 0.112305
9 0.746484 0.138281 0.148633 0.125391
