1 0.0299316 0.499023 0.0598633 0.998047
1 0.485596 0.927539 0.741113 0.144336
0 0.503613 0.90249 0.12168 0.0520508
1 0.499805 0.859961 0.591602 0.0800781
1 0.775488 0.0509766 0.448437 0.101953
1 0.346729 0.0413086 0.49502 0.0826172
1 0.703516 0.106836 0.406445 0.0589844
1 0.86709 0.823193 0.265234 0.353223
1 0.895361 0.40083 0.208691 0.756934
1 0.425928 0.479932 0.824707 0.959863
1 0.465088 0.80874 0.43291 0.12002
1 0.683838 0.716602 0.0918945 0.0791016
1 0.746338 0.656738 0.0508789 0.183008
1 0.775342 0.399219 0.229199 0.564258
1 0.129297 0.618408 0.258594 0.698145
1 0.246387 0.76626 0.05625 0.144629
1 0.429736 0.45625 0.491699 0.893555
