7 0.221387 0.34668 0.103906 0.198047
7 0.438379 0.243262 0.111328 0.153125
7 0.436084 0.304199 0.0666992 0.0773438
7 0.542285 0.269531 0.140625 0.133594
7 0.496973 0.418262 0.132422 0.240039
7 0.602246 0.332666 0.124219 0.0813477
7 0.616846 0.539697 0.243066 0.396777
7 0.433057 0.54082 0.319434 0.451367
7 0.730273 0.283887 0.16543 0.329688
7 0.241455 0.527979 0.14209 0.210645
7 0.264307 0.733789 0.246777 0.462305
7 0.332666 0.250439 0.203613 0.299902
7 0.174805 0.296924 0.0322266 0.040332
7 0.206982 0.300146 0.0280273 0.0512695
