7 0.216797 0.28623 0.0669922 0.130664
7 0.519336 0.656445 0.270313 0.323437
2 0.433887 0.643652 0.0523438 0.0916016
1 0.426563 0.633643 0.0421875 0.0793945
7 0.601074 0.536035 0.126758 0.113086
7 0.303174 0.522656 0.17334 0.399805
7 0.218359 0.416504 0.078125 0.165039
7 0.423584 0.393994 0.255957 0.32041
7 0.35332 0.183301 0.0826172 0.215234
7 0.520654 0.191016 0.272363 0.24707
7 0.755078 0.422119 0.260156 0.489746
7 0.2271 0.28208 0.084082 0.108496
7 0.562646 0.343311 0.183301 0.337988
7 0.285938 0.273291 0.0744141 0.12666
