1 0.611475 0.619385 0.0952148 0.279004
1 0.456299 0.664697 0.348535 0.312012
1 0.0437988 0.444385 0.0875977 0.151074
1 0.204736 0.501758 0.0331055 0.0396484
1 0.25874 0.516016 0.112793 0.301367
1 0.342041 0.447656 0.0293945 0.0837891
1 0.318994 0.519971 0.0856445 0.31123
1 0.345215 0.438916 0.0191406 0.0518555
1 0.360645 0.567578 0.0552734 0.221484
1 0.534863 0.643604 0.0625 0.126465
1 0.493066 0.640234 0.0482422 0.121289
1 0.458105 0.619141 0.0730469 0.0929688
1 0.430566 0.622803 0.0945312 0.110645
1 0.655225 0.523193 0.0446289 0.208105
1 0.541797 0.374707 0.401758 0.425586
1 0.405908 0.201074 0.0459961 0.144141
1 0.465771 0.189355 0.108105 0.0503906
1 0.7125 0.191406 0.11543 0.250781
1 0.649658 0.155859 0.0995117 0.146094
1 0.584326 0.192822 0.138184 0.0711914
0 0.467773 0.8896 0.408398 0.220215
0 0.221582 0.85625 0.443164 0.286914
0 0.154248 0.750586 0.308496 0.498242
