1 0.153564 0.297852 0.262598 0.274023
1 0.69751 0.0949707 0.111426 0.189941
1 0.131299 0.136768 0.262598 0.273535
1 0.569141 0.129492 0.214453 0.258984
1 0.370166 0.119287 0.28877 0.238574
0 0.154541 0.596729 0.309082 0.366504
0 0.131934 0.571582 0.263867 0.233789
1 0.517578 0.548535 0.318164 0.178516
1 0.141455 0.561572 0.28291 0.239355
1 0.652832 0.440381 0.0943359 0.0833008
1 0.609961 0.756299 0.453125 0.438965
1 0.438672 0.475781 0.363086 0.254883
0 0.0972168 0.278564 0.122754 0.0358398
1 0.5 0.372363 0.645312 0.314453
1 0.0888184 0.103662 0.177637 0.124512
