7 0.42002 0.126172 0.186719 0.252344
7 0.339355 0.168115 0.0865234 0.131934
7 0.270996 0.317676 0.184766 0.435547
0 0.543164 0.224414 0.101172 0.178906
7 0.45127 0.291309 0.0955078 0.12168
7 0.491846 0.41001 0.0456055 0.206348
7 0.375244 0.46416 0.227637 0.492383
0 0.618652 0.197607 0.114844 0.17627
0 0.724805 0.26499 0.103906 0.113379
7 0.90127 0.53667 0.144336 0.316113
7 0.928906 0.696094 0.141602 0.144141
7 0.585303 0.399121 0.187012 0.318164
7 0.905713 0.843213 0.187988 0.312793
7 0.74707 0.473242 0.266406 0.328711
7 0.663428 0.752441 0.399316 0.494336
7 0.511523 0.951904 0.116797 0.0956055
5 0.752246 0.340674 0.155273 0.103223
0 0.541455 0.487988 0.125488 0.197461
1 0.589111 0.310547 0.0557617 0.0185547
0 0.376367 0.211768 0.0359375 0.0737305
0 0.574219 0.195312 0.0283203 0.0539063
0 0.617041 0.129932 0.0416992 0.0211914
0 0.719141 0.25166 0.0642578 0.0548828
2 0.427832 0.604297 0.0476562 0.0710937
2 0.389404 0.587158 0.0416992 0.135254
2 0.349609 0.607373 0.046875 0.153809
