1 0.477686 0.669141 0.525488 0.295117
1 0.605518 0.512256 0.12041 0.0915039
1 0.649268 0.383594 0.0756836 0.16543
1 0.461816 0.460596 0.31582 0.168652
1 0.467285 0.305615 0.436523 0.247559
1 0.550439 0.180273 0.249707 0.138867
1 0.360986 0.210791 0.118066 0.0436523
1 0.383154 0.204346 0.0307617 0.0178711
1 0.53457 0.189551 0.223828 0.116797
1 0.468604 0.19873 0.096582 0.0433594
1 0.524512 0.251855 0.251367 0.117773
1 0.315771 0.240723 0.028418 0.0265625
1 0.446582 0.237109 0.25293 0.0763672
1 0.596533 0.306787 0.0165039 0.0500977
1 0.406592 0.499951 0.277441 0.16416
1 0.460938 0.671484 0.388867 0.224414
0 0.647461 0.689893 0.0396484 0.0473633
