6 0.736914 0.0708008 0.4375 0.141602
1 0.90752 0.0685547 0.18418 0.137109
0 0.546631 0.0911621 0.187207 0.113379
1 0.855615 0.20957 0.287988 0.37793
0 0.812354 0.426758 0.374707 0.271094
5 0.774951 0.451904 0.172949 0.138379
5 0.646484 0.401318 0.0734375 0.0307617
1 0.44458 0.325635 0.256934 0.208301
7 0.587354 0.385254 0.108496 0.137109
1 0.642334 0.268945 0.316504 0.311719
1 0.697461 0.473828 0.604492 0.214062
1 0.536865 0.178174 0.174316 0.114355
0 0.507959 0.229687 0.13623 0.169141
1 0.670654 0.632568 0.658105 0.578613
0 0.408887 0.377002 0.122656 0.127441
7 0.302734 0.838135 0.605469 0.323145
5 0.34292 0.846289 0.31416 0.0617188
0 0.354199 0.795801 0.37168 0.220508
