1 0.63042 0.179053 0.299121 0.174902
7 0.477686 0.199609 0.0243164 0.0810547
1 0.554102 0.504834 0.513867 0.60752
0 0.688525 0.582471 0.106152 0.118066
2 0.701025 0.321777 0.291895 0.285742
1 0.66875 0.378662 0.205078 0.31084
1 0.641162 0.425049 0.206348 0.19873
1 0.598193 0.453027 0.22373 0.217578
1 0.51416 0.374316 0.0486328 0.0429688
7 0.5021 0.312842 0.27998 0.245996
1 0.630664 0.540723 0.133398 0.105859
1 0.488135 0.44624 0.156738 0.12666
2 0.621631 0.551611 0.062793 0.0536133
2 0.571533 0.519629 0.0374023 0.0320312
1 0.51416 0.498242 0.282227 0.226562
1 0.50791 0.533936 0.401758 0.290723
7 0.428027 0.896191 0.213281 0.207031
