0 0.0770508 0.0568359 0.133203 0.113672
7 0.820068 0.592676 0.178418 0.0980469
7 0.175879 0.136865 0.351758 0.27373
7 0.757324 0.722412 0.305078 0.282715
7 0.702148 0.582715 0.146875 0.078125
7 0.51001 0.10332 0.378027 0.206641
7 0.313574 0.569287 0.627148 0.70459
7 0.863818 0.34248 0.121777 0.120703
7 0.87124 0.403662 0.0866211 0.0526367
5 0.877344 0.470215 0.11543 0.172461
7 0.796875 0.338672 0.405859 0.677344
5 0.2979 0.280225 0.241113 0.42041
7 0.398535 0.469775 0.603906 0.857324
7 0.757812 0.815381 0.324609 0.368652
7 0.645752 0.83291 0.122168 0.333594
7 0.587646 0.843457 0.180957 0.3125
7 0.477393 0.887256 0.256934 0.216113
