0 0.596094 0.791992 0.807227 0.41543
1 0.351514 0.973389 0.142871 0.052832
0 0.386914 0.554248 0.773828 0.738379
5 0.384766 0.162939 0.144531 0.181543
7 0.501025 0.221826 0.096582 0.135645
0 0.349512 0.281445 0.101172 0.12793
7 0.429199 0.275391 0.138867 0.211523
3 0.572852 0.237207 0.186133 0.0810547
5 0.526953 0.398975 0.129297 0.0831055
5 0.604639 0.372363 0.0584961 0.0533203
5 0.605225 0.299951 0.312207 0.130176
5 0.78999 0.383545 0.216309 0.20459
1 0.615381 0.412549 0.0541992 0.0692383
0 0.692432 0.378223 0.144824 0.138867
2 0.656543 0.431348 0.114062 0.0724609
5 0.743018 0.511279 0.187793 0.138184
0 0.833838 0.45415 0.0842773 0.0704102
1 0.654053 0.551465 0.0608398 0.0423828
5 0.455029 0.435303 0.413379 0.231152
1 0.771338 0.344482 0.162402 0.100684
