1 0.500146 0.510205 0.803223 0.610645
4 0.463135 0.321875 0.104199 0.151758
4 0.37666 0.372412 0.0958984 0.143066
4 0.564355 0.384131 0.120703 0.157715
4 0.472607 0.405957 0.129004 0.113086
4 0.306104 0.437402 0.104199 0.152539
4 0.384375 0.470459 0.114062 0.119043
4 0.530908 0.494043 0.17959 0.142383
4 0.62666 0.451221 0.164648 0.155957
3 0.687988 0.509082 0.0724609 0.0458984
4 0.433887 0.5354 0.135547 0.106934
3 0.644678 0.542041 0.0922852 0.0444336
3 0.635303 0.575049 0.103223 0.0766602
3 0.51123 0.531396 0.185156 0.138184
3 0.712256 0.503711 0.0813477 0.0580078
3 0.529297 0.613672 0.124023 0.0652344
