1 0.574512 0.692432 0.203125 0.293652
1 0.574268 0.65415 0.241309 0.379004
1 0.599463 0.581494 0.0803711 0.149121
1 0.572217 0.626025 0.0243164 0.0383789
1 0.534863 0.666797 0.0533203 0.0863281
1 0.577148 0.590088 0.106641 0.153809
1 0.529785 0.483789 0.266406 0.231445
1 0.543408 0.372559 0.119043 0.158398
1 0.552979 0.280469 0.134668 0.0972656
1 0.400244 0.276514 0.256934 0.329395
1 0.126221 0.558643 0.191504 0.215918
1 0.344238 0.634277 0.394336 0.477539
0 0.107422 0.482422 0.0257812 0.0396484
1 0.244678 0.433008 0.335059 0.448047
0 0.328369 0.387451 0.0362305 0.0426758
1 0.267432 0.426563 0.180762 0.25
1 0.229395 0.474023 0.142383 0.0525391
1 0.23125 0.458154 0.137109 0.0379883
1 0.266797 0.45752 0.108398 0.0386719
1 0.237939 0.425488 0.167871 0.0433594
1 0.22666 0.418652 0.222266 0.0767578
