0 0.510889 0.792676 0.0391602 0.0529297
1 0.16377 0.895166 0.0865234 0.062793
7 0.703076 0.33252 0.0629883 0.163672
7 0.680176 0.439795 0.146094 0.11709
7 0.0141602 0.561865 0.0283203 0.12041
1 0.322021 0.373145 0.0885742 0.0658203
1 0.352783 0.425732 0.116309 0.12002
5 0.341113 0.426807 0.0597656 0.0459961
7 0.411377 0.428711 0.0647461 0.0572266
7 0.473096 0.485254 0.0657227 0.168945
1 0.501758 0.50498 0.0972656 0.191797
1 0.353516 0.564844 0.194727 0.198437
1 0.357275 0.521533 0.0850586 0.0899414
1 0.413379 0.485938 0.125781 0.12207
1 0.232666 0.541553 0.0600586 0.0459961
7 0.202588 0.440527 0.0942383 0.172656
7 0.283057 0.469287 0.148535 0.175293
1 0.0816895 0.561475 0.153027 0.235449
1 0.0640137 0.500342 0.0913086 0.0813477
1 0.15376 0.601562 0.142871 0.220898
1 0.237598 0.69458 0.227148 0.256934
1 0.235498 0.614795 0.124707 0.119043
1 0.223535 0.634863 0.0984375 0.0515625
7 0.219189 0.651953 0.0444336 0.0162109
7 0.464307 0.663721 0.138379 0.26123
1 0.602734 0.329541 0.155273 0.284082
0 0.671973 0.514893 0.0945312 0.245996
1 0.839209 0.342871 0.177832 0.0839844
1 0.829883 0.325537 0.112109 0.113379
1 0.839453 0.423096 0.319727 0.231152
7 0.787598 0.530762 0.141602 0.148828
7 0.749512 0.600537 0.166211 0.211621
1 0.573975 0.174268 0.14209 0.292285
0 0.584912 0.613623 0.148535 0.282715
7 0.711133 0.773926 0.155469 0.157031
1 0.690576 0.691943 0.0805664 0.121387
7 0.674121 0.814111 0.117578 0.232129
1 0.82959 0.315186 0.0441406 0.0317383
0 0.326221 0.688037 0.0151367 0.078418
0 0.210156 0.663379 0.16543 0.0310547
