9 0.387695 0.2396 0.761914 0.479199
5 0.613232 0.239551 0.193652 0.139844
1 0.742432 0.554102 0.0354492 0.206055
6 0.670361 0.664844 0.205371 0.137891
6 0.653271 0.737451 0.198926 0.254004
0 0.663818 0.730615 0.209082 0.193457
7 0.655811 0.471387 0.191504 0.389844
7 0.445557 0.442773 0.270605 0.210938
7 0.480273 0.414209 0.185742 0.261621
7 0.478906 0.667139 0.167187 0.362793
3 0.141406 0.424463 0.138867 0.145801
7 0.256104 0.459473 0.121777 0.130664
7 0.158936 0.795117 0.157715 0.213281
7 0.145557 0.613232 0.22373 0.26748
7 0.313477 0.717432 0.185547 0.459277
7 0.854883 0.270459 0.289648 0.351855
