1 0.580859 0.504297 0.405078 0.359375
1 0.56958 0.40249 0.287402 0.124512
1 0.440088 0.314063 0.292285 0.241797
1 0.301807 0.523779 0.284082 0.200879
7 0.241553 0.975488 0.277441 0.0486328
0 0.540137 0.909473 0.25625 0.148828
7 0.203369 0.678906 0.406738 0.199609
7 0.43042 0.786572 0.440137 0.271582
1 0.280615 0.442725 0.275488 0.189941
1 0.303711 0.380957 0.176953 0.0644531
1 0.261572 0.392871 0.250684 0.0902344
1 0.256787 0.458203 0.219238 0.0761719
1 0.508057 0.553857 0.233105 0.138379
1 0.550732 0.512646 0.256934 0.137402
1 0.403906 0.503076 0.114062 0.149512
1 0.476025 0.292432 0.145215 0.156738
