9 0.22002 0.90332 0.38125 0.192969
4 0.740771 0.279297 0.148145 0.159766
0 0.939941 0.3604 0.119336 0.259473
5 0.353516 0.313867 0.390234 0.274023
0 0.354639 0.253271 0.294629 0.28623
0 0.562549 0.28916 0.264551 0.308008
0 0.419971 0.136182 0.0536133 0.0352539
0 0.622852 0.184619 0.0539063 0.0344727
0 0.0305664 0.497266 0.0611328 0.0853516
0 0.0654785 0.661768 0.130957 0.0999023
0 0.0586914 0.56958 0.117383 0.18877
9 0.299414 0.623047 0.146484 0.198437
9 0.612988 0.60127 0.130664 0.203125
9 0.423242 0.570117 0.258594 0.164453
9 0.99043 0.590967 0.0185547 0.0446289
9 0.922803 0.641748 0.153809 0.176855
0 0.845605 0.658887 0.154102 0.176367
0 0.924805 0.8 0.149805 0.148047
0 0.837256 0.854004 0.324707 0.291406
