1 0.432422 0.423437 0.186719 0.778125
7 0.659131 0.733838 0.328613 0.305566
5 0.422852 0.32207 0.0386719 0.0892578
7 0.601416 0.918018 0.105176 0.139551
7 0.256055 0.471094 0.339062 0.571094
1 0.412939 0.147314 0.157715 0.133887
1 0.759082 0.343604 0.191211 0.31084
1 0.434277 0.560352 0.120508 0.260937
5 0.778027 0.376465 0.0412109 0.108789
1 0.412793 0.614795 0.0845703 0.17002
0 0.431396 0.620215 0.0915039 0.213281
0 0.464551 0.606201 0.0451172 0.0178711
0 0.466064 0.562158 0.0352539 0.0780273
0 0.740576 0.925928 0.0327148 0.0489258
0 0.432666 0.444775 0.0989258 0.105176
2 0.451758 0.396387 0.0449219 0.0691406
7 0.577246 0.371191 0.408008 0.471875
