0 0.363867 0.948389 0.110742 0.015918
1 0.150586 0.245654 0.114062 0.093457
1 0.307373 0.203662 0.253613 0.149316
1 0.420654 0.287305 0.175293 0.0826172
1 0.755469 0.971826 0.141211 0.0557617
1 0.503271 0.540039 0.11377 0.0394531
1 0.471582 0.75 0.631641 0.421094
1 0.609766 0.728906 0.472266 0.358594
1 0.547412 0.75791 0.556543 0.378516
2 0.134131 0.803223 0.0407227 0.0384766
1 0.517676 0.422461 0.278125 0.226953
7 0.248193 0.349512 0.286035 0.291211
7 0.573193 0.108496 0.133887 0.101953
7 0.565137 0.146924 0.17793 0.127246
7 0.694434 0.0953613 0.150781 0.124707
7 0.720557 0.152051 0.13623 0.131445
7 0.428613 0.123486 0.227539 0.168652
7 0.659717 0.167432 0.0264648 0.0456055
1 0.634082 0.270898 0.24043 0.167383
