6 0.118701 0.921729 0.237402 0.155957
1 0.470215 0.804297 0.166016 0.0873047
5 0.981006 0.15166 0.0374023 0.0552734
5 0.983984 0.11333 0.0314453 0.0491211
5 0.987451 0.0720703 0.0245117 0.046875
5 0.990771 0.0265625 0.0178711 0.0476562
5 0.863867 0.174414 0.213281 0.0660156
5 0.866357 0.131689 0.216895 0.0639648
5 0.871533 0.084668 0.222559 0.0662109
5 0.87749 0.0365723 0.225879 0.0657227
5 0.877295 0.00966797 0.223535 0.0193359
5 0.722021 0.298877 0.0545898 0.0426758
5 0.719922 0.348828 0.0310547 0.0652344
2 0.803906 0.457324 0.0410156 0.0367188
1 0.34375 0.776904 0.096875 0.0454102
1 0.355957 0.610645 0.0611328 0.0505859
1 0.348584 0.597852 0.0608398 0.0423828
1 0.447607 0.188867 0.239746 0.168945
1 0.500146 0.263867 0.453418 0.231641
1 0.528809 0.395898 0.429883 0.180273
1 0.571289 0.458203 0.502344 0.203125
1 0.340771 0.549121 0.12666 0.0798828
1 0.421484 0.493555 0.268164 0.183984
1 0.480322 0.66123 0.299316 0.250977
