1 0.100195 0.931006 0.200391 0.137402
1 0.0112305 0.890234 0.0224609 0.0513672
1 0.0850098 0.946777 0.17002 0.105859
1 0.0507324 0.980078 0.0870117 0.0394531
1 0.855469 0.224658 0.171289 0.115527
5 0.831543 0.228711 0.0710937 0.0257812
1 0.743506 0.51748 0.366699 0.164453
1 0.893311 0.406738 0.212598 0.158203
1 0.544336 0.391992 0.0681641 0.0339844
1 0.684033 0.432812 0.284082 0.148828
1 0.5354 0.386914 0.107129 0.125
1 0.599854 0.485449 0.119043 0.0726563
1 0.453857 0.540576 0.172949 0.115332
1 0.356006 0.490967 0.415723 0.212012
1 0.221875 0.540918 0.0820312 0.0376953
1 0.165381 0.544531 0.134277 0.0855469
1 0.0602051 0.503857 0.12041 0.274512
1 0.58833 0.658643 0.390918 0.32959
2 0.569775 0.649414 0.0833008 0.0439453
0 0.647021 0.600391 0.0651367 0.0568359
0 0.638037 0.563037 0.100879 0.0446289
0 0.519482 0.678711 0.0383789 0.0201172
1 0.300781 0.757227 0.601562 0.485156
1 0.0282715 0.72041 0.056543 0.100977
1 0.378809 0.77915 0.119336 0.0756836
0 0.197754 0.911328 0.0482422 0.0349609
1 0.30293 0.846631 0.189844 0.13916
1 0.123828 0.805664 0.247656 0.230859
1 0.280127 0.706885 0.204395 0.129004
1 0.314014 0.764258 0.196777 0.137695
1 0.346289 0.339014 0.30625 0.22666
1 0.32998 0.276611 0.24668 0.17334
0 0.300049 0.39248 0.0532227 0.0880859
1 0.689502 0.39248 0.316113 0.113867
1 0.725244 0.321533 0.326074 0.256152
1 0.734277 0.301465 0.257617 0.168945
1 0.725391 0.310742 0.227148 0.143359
6 0.87124 0.209229 0.0598633 0.0280273
1 0.831348 0.235107 0.0648438 0.0307617
0 0.748877 0.457275 0.0327148 0.0563477
0 0.773486 0.503027 0.096582 0.0421875
