5 0.653711 0.140039 0.0708984 0.101562
7 0.628223 0.108154 0.0570312 0.074707
1 0.442578 0.857666 0.332617 0.233105
1 0.433936 0.784717 0.437793 0.249316
1 0.60791 0.652637 0.0460938 0.0849609
1 0.583643 0.643506 0.116113 0.216309
1 0.43418 0.71792 0.35293 0.216309
1 0.166309 0.732617 0.0597656 0.0181641
1 0.466748 0.650977 0.261426 0.260937
1 0.289844 0.547412 0.314258 0.440137
1 0.519971 0.509961 0.194238 0.12168
1 0.626367 0.65874 0.0414062 0.0331055
7 0.579102 0.243896 0.232617 0.363379
7 0.554199 0.103516 0.0320312 0.0390625
1 0.488135 0.894873 0.0491211 0.0813477
