6 0.061377 0.71748 0.122754 0.147852
6 0.542676 0.306055 0.34375 0.206055
6 0.290039 0.819922 0.376758 0.25293
6 0.707129 0.831885 0.475195 0.335645
6 0.846533 0.281885 0.279785 0.280762
1 0.396582 0.755322 0.793164 0.365723
1 0.238574 0.565283 0.477148 0.395801
1 0.346533 0.307568 0.0739258 0.13291
1 0.808545 0.532861 0.334863 0.31709
1 0.54292 0.458643 0.584863 0.278418
1 0.455371 0.262012 0.296094 0.285352
1 0.102979 0.421289 0.165723 0.101172
1 0.149609 0.375488 0.0476562 0.0625
5 0.145703 0.441846 0.116797 0.0727539
1 0.0327148 0.299316 0.0654297 0.140234
1 0.03125 0.478369 0.0625 0.186816
9 0.191748 0.135742 0.0620117 0.0439453
