1 0.0575195 0.271631 0.115039 0.0836914
1 0.930762 0.626367 0.137891 0.265234
7 0.8375 0.790625 0.226172 0.202344
5 0.850439 0.680225 0.141895 0.18252
1 0.777295 0.524268 0.0897461 0.0499023
1 0.76875 0.600732 0.198633 0.243066
7 0.738672 0.363281 0.274023 0.333008
1 0.814795 0.452246 0.062207 0.0691406
0 0.172852 0.293994 0.0927734 0.120996
7 0.300488 0.44458 0.189258 0.133887
7 0.266504 0.511377 0.0433594 0.0717773
7 0.20918 0.38374 0.153516 0.184863
1 0.485107 0.420508 0.146777 0.151172
1 0.633545 0.449756 0.221973 0.31748
1 0.350098 0.290527 0.284961 0.197461
1 0.36792 0.662256 0.40752 0.575098
