7 0.388672 0.633789 0.15625 0.193359 0.251901
7 0.333496 0.645996 0.0224609 0.0458984 0.261384
1 0.671387 0.291992 0.0927734 0.0878906 0.278271
1 0.203125 0.396484 0.0839844 0.0859375 0.331869
5 0.396973 0.685547 0.0361328 0.0371094 0.356412
7 0.359863 0.667969 0.0498047 0.0800781 0.382707
7 0.266113 0.694336 0.0556641 0.0761719 0.441434
7 0.11377 0.509277 0.108398 0.192383 0.493736
7 0.74707 0.459961 0.21875 0.267578 0.540386
7 0.623535 0.45459 0.131836 0.231445 0.566306
7 0.335938 0.48584 0.173828 0.163086 0.681485
1 0.635254 0.225098 0.186523 0.254883 0.710833
7 0.534668 0.71875 0.194336 0.269531 0.725005
7 0.331055 0.273926 0.226562 0.442383 0.732856
7 0.759766 0.768555 0.339844 0.462891 0.76291
7 0.486328 0.369141 0.216797 0.361328 0.777273
7 0.219238 0.556641 0.208008 0.285156 0.821955
